
    0    0    0   0.0000000       90.0000000561        0.0000025368
    0    0   -1   0.0924761       -0.0000010338        0.0000000100
   -1    0    0   0.1177977      -16.2426068238       -0.0000003472
   -1    0   -1   0.1497603       19.9567198416       34.5660525773
   -1    0    1   0.1497603       12.9414686981      -22.4152808514
    0    0   -2   0.1849523       -0.0000003215       -0.0000000062
   -2    1    0   0.2040317      -17.2796916127        7.4256914461
   -1   -1    0   0.2040317      -17.2796904106       -7.4256919119
   -1    0   -2   0.2192799        4.7122521959       -8.1618599333
   -1    0    2   0.2192799       -8.9962476190      -15.5819547004
   -2    1   -1   0.2240106       -7.7492728908       -6.3519398431
   -1   -1   -1   0.2240106       -1.6263046767       -9.8870364064
   -2    0    0   0.2355955       18.0565353400       -0.0000002313
   -2    0   -1   0.2530950       -4.5042254673       -7.8015468417
   -2    0    1   0.2530950       -7.0698399903       12.2453213384
   -2    1   -2   0.2753839      -15.8732846238      -19.1508510933
   -1   -1   -2   0.2753839       24.5217661882        4.1712415765
    0    0   -3   0.2774284       -8.8393425026       -0.0000014965
   -2    0   -2   0.2995206      -10.2128200286       17.6891225980
   -2    0    2   0.2995206        4.9804465994        8.6263883579
   -1    0   -3   0.3014015       14.4343848904       -0.0000005435
   -1    0    3   0.3014015       -2.3395224825        0.0000008311
   -3    1    0   0.3116635        3.6402514024        2.2794956565
   -2   -1    0   0.3116635        3.6402514634       -2.2794954814
   -3    1   -1   0.3250938      -17.9957722255       -8.1724481651
   -3    1    1   0.3250938      -17.0370423032        3.5064292749
   -2   -1   -1   0.3250938        1.9203380312      -19.6710207083
   -2   -1    1   0.3250938        5.4818642111       16.5077262309
   -2    1   -3   0.3443769        5.2209217538       11.5953110935
   -1   -1   -3   0.3443769        5.2209219469      -11.5953097787
   -3    0    0   0.3533932       -8.7513435756        0.0000000699
   -3    1   -2   0.3624107       20.5195232074        1.5090087547
   -3    1    2   0.3624107       10.5897732785       -5.5460208594
   -2   -1   -2   0.3624107      -11.5666010902      -17.0159238609
   -2   -1    2   0.3624107      -10.0978806264        6.3980019163
   -2    0   -3   0.3639667      -15.7224267468       -0.0000007678
   -2    0    3   0.3639667      -33.2950699585       -0.0000004457
   -3    0   -1   0.3652925       14.9649212614       25.9200040923
   -3    0    1   0.3652925       -1.0495206958        1.8178229401
    0    0   -4   0.3699046        0.0000000841       -0.0000000039
   -1    0   -4   0.3882083       -5.1827418689       -8.9767715797
   -1    0    4   0.3882083      -10.6207186868       18.3956256323
   -3    0   -2   0.3988660       -7.4064057919       12.8282704191
   -3    0    2   0.3988660      -11.0785928837      -19.1886866060
   -4    2    0   0.4080633       18.7904524723        5.6351273687
   -2   -2    0   0.4080633       18.7904522792       -5.6351271278
   -3    1   -3   0.4172537        8.8805604568        0.1305689419
   -3    1    3   0.4172537       12.8767796355      -13.8080410472
   -2   -1   -3   0.4172537        8.8805620172       -0.1305681902
   -2   -1    3   0.4172537       12.8767780088       13.8080407495
   -4    2   -1   0.4184107       -9.0420405409       -6.2488248947
   -2   -2   -1   0.4184107       -0.8906206688      -10.9550486670
   -2    1   -4   0.4224433      -13.7427003031       13.0336537696
   -1   -1   -4   0.4224433       18.1588243928       -5.3846995527
   -4    1    0   0.4247258      -10.5150537184      -17.7406121930
   -3   -1    0   0.4247258      -10.5150536801       17.7406121898
   -4    1   -1   0.4346767       11.3095574471       -9.1409333888
   -4    1    1   0.4346767        5.7391269392        4.5332916301
   -3   -1   -1   0.4346767      -13.5710587835        5.2238973470
   -3   -1    1   0.4346767       -6.7955086265       -2.7035844554
   -2    0   -4   0.4385597       -0.8448564936       -1.4633373297
   -2    0    4   0.4385597       -4.7141753876        8.1651927386
   -4    2   -2   0.4480212       -0.1151647683       -2.0966680505
   -2   -2   -2   0.4480212        1.8733495186       -0.9485978625
   -3    0   -3   0.4492809       -3.6197065882       -0.0000006776
   -3    0    3   0.4492809        9.4764267263        0.0000005485
    0    0   -5   0.4623807        0.0000005819       -0.0000000052
   -4    1   -2   0.4632487       -6.8320286797      -18.5720507450
   -4    1    2   0.4632487        6.2085215739       10.1392366583
   -3   -1   -2   0.4632487       19.4998827896       -3.3693164655
   -3   -1    2   0.4632487        5.6765758132       10.4463551647
   -4    0    0   0.4711909       12.9002102433        0.0000000051
   -1    0   -5   0.4771501       10.4005695519      -18.0143133920
   -1    0    5   0.4771501        5.6014569268        9.7020067180
   -4    0   -1   0.4801799       -2.9715867079       -5.1469385944
   -4    0    1   0.4801799        9.6670143331      -16.7437600329
   -3    1   -4   0.4836978       -0.1486150770        3.4265220157
   -3    1    4   0.4836978       16.5721386404        2.7020015927
   -2   -1   -4   0.4836978        3.0417621593        1.5845584536
   -2   -1    4   0.4836978      -10.6260724419      -13.0008931220
   -4    2   -3   0.4934392      -15.8480534839        2.3095865751
   -2   -2   -3   0.4934392      -15.8480546873       -2.3095860717
   -2    1   -5   0.5053957        3.5352625522       13.6874057789
   -1   -1   -5   0.5053957      -13.6212748685        3.7820783783
   -4    0   -2   0.5061899       -5.2110451042        9.0257943028
   -4    0    2   0.5061899        1.5121634437        2.6191449774
   -4    1   -3   0.5073051        4.6228981803        6.7334070869
   -4    1    3   0.5073051        6.2559444218        3.2464745545
   -3   -1   -3   0.5073051        4.6228979422       -6.7334060666
   -3   -1    3   0.5073051        6.2559452096       -3.2464745443
   -3    0   -4   0.5115820       -4.0357286008       -6.9900879568
   -3    0    4   0.5115820       -3.1460076703        5.4490457772
   -5    2    0   0.5134684       -6.8900544056       10.8900399159
   -3   -2    0   0.5134684       -6.8900545992      -10.8900397269
   -2    0   -5   0.5189423        2.3015902197       -3.9864683248
   -2    0    5   0.5189423        0.8615845273        1.4923046127
   -5    2   -1   0.5217295        6.9000314412       16.3853360175
   -5    2    1   0.5217295        1.0788984629       -0.1551329690
   -3   -2   -1   0.5217295       10.7401015454       14.1682705492
   -3   -2    1   0.5217295       -0.4051003904       -1.0119201431
   -5    1    0   0.5398170       -1.0759817088        3.5138294699
   -4   -1    0   0.5398170       -1.0759815199       -3.5138295851
   -5    2   -2   0.5457629       -1.3362713419        2.6618987873
   -5    2    2   0.5457629       -4.9886126645       -8.1142687153
   -3   -2   -2   0.5457629       -1.6371366230        2.4881948371
   -3   -2    2   0.5457629       -4.5328557819       -8.3773992847
   -4    0   -3   0.5467974      -12.7824514151        0.0000002179
   -4    0    3   0.5467974      -18.3347092093        0.0000002496
   -5    1   -1   0.5476808       -3.9885122199       -5.0026172294
   -5    1    1   0.5476808      -15.9705288883        2.6842981515
   -4   -1   -1   0.5476808       -2.3381378500       -5.9554620783
   -4   -1    1   0.5476808        5.6605941888       15.1730325715
   -4    2   -4   0.5507677       11.3708400745       -0.4880877236
   -2   -2   -4   0.5507677       -6.1081145208        9.6033916864
    0    0   -6   0.5548569       13.6985546021        0.0000002590
   -3    1   -5   0.5576110      -14.1504239788       -1.8229296295
   -3    1    5   0.5576110       -0.9048997324       -4.6433933292
   -2   -1   -5   0.5576110        8.6539148280       11.3431599567
   -2   -1    5   0.5576110       -3.5688475973       -3.1053614607
   -4    1   -4   0.5632241        0.7761922661        6.8675434975
   -4    1    4   0.5632241       -9.0049964549       -7.7632633655
   -3   -1   -4   0.5632241        5.5593701070        4.1059737682
   -3   -1    4   0.5632241       11.2256804413        3.9169236328
   -1    0   -6   0.5672235        0.0085685273        0.0000017476
   -1    0    6   0.5672235       -9.9637325284       -0.0000010727
   -5    1   -2   0.5706223        8.6528873098        1.9975244126
   -5    1    2   0.5706223        3.6828941695        6.7181469347
   -4   -1   -2   0.5706223       -6.0563499733       -6.4948572929
   -4   -1    2   0.5706223        3.9766386866        6.5485527084
   -3    0   -5   0.5819645        1.5524876346       -2.6889868297
   -3    0    5   0.5819645        4.0104288645        6.9462648889
   -5    2   -3   0.5836235        1.5132102331        0.1769349504
   -5    2    3   0.5836235       -0.6117929732        0.1185597226
   -3   -2   -3   0.5836235        1.5132094254       -0.1769368896
   -3   -2    3   0.5836235       -0.6117924224       -0.1185587766
   -5    0    0   0.5889887       -0.0627830044        0.0000000318
   -2    1   -6   0.5911811       -4.8924467154       -5.4460520943
   -1   -1   -6   0.5911811       -4.8924474420        5.4460504241
   -5    0   -1   0.5962042        2.6283235064        4.5523902410
   -5    0    1   0.5962042        0.5072440396       -0.8785735226
   -4    0   -4   0.5990411        3.6397541169        6.3042383816
   -4    0    4   0.5990411        1.2819803643       -2.2204549890
   -2    0   -6   0.6028029       21.9019428222       -0.0000005868
   -2    0    6   0.6028029        9.6759932149       -0.0000009228
   -5    1   -3   0.6069341        9.3884674959      -15.2274000448
   -5    1    3   0.6069341        3.3680999120       -3.3987590685
   -4   -1   -3   0.6069341        9.3884681319       15.2274001453
   -4   -1    3   0.6069341        3.3680987117        3.3987583136
   -6    3    0   0.6120950       -7.4718537980      -12.2103999511
   -3   -3    0   0.6120950       -7.4718539561       12.2103998754
   -4    2   -5   0.6166941        6.1371900507      -10.1499683835
   -2   -2   -5   0.6166941        5.7215367747      -10.3899463953
   -5    0   -2   0.6173451        0.8208257951       -1.4217117371
   -5    0    2   0.6173451      -12.1503327908      -21.0449937619
   -6    3   -1   0.6190413       -2.0186868925      -10.8087030206
   -3   -3   -1   0.6190413       -8.3512678016       -7.1525855601
   -6    2    0   0.6233270       15.0804591773       -1.7150120255
   -4   -2    0   0.6233270       15.0804592319        1.7150119988
   -4    1   -5   0.6278439        7.9128309416        4.8226776008
   -4    1    5   0.6278439        2.0341156734       -5.9912421170
   -3   -1   -5   0.6278439       -8.1329779755       -4.4413742706
   -3   -1    5   0.6278439       -6.2056268001       -1.2340251664
   -6    2   -1   0.6301495       -7.9904489079        2.0577423604
   -6    2    1   0.6301495        2.7768076886       -3.4074277928
   -4   -2   -1   0.6301495        5.7772810101       -5.8910605979
   -4   -2    1   0.6301495        1.5625150175       -4.1084999010
   -5    2   -4   0.6328343      -11.3997520830      -15.7192842535
   -5    2    4   0.6328343       -7.9793418223       -0.2054863487
   -3   -2   -4   0.6328343       -7.9134230878      -17.7321173731
   -3   -2    4   0.6328343        4.1676289883        6.8075709225
   -3    1   -6   0.6363963       -7.3162391727        9.7901626546
   -3    1    6   0.6363963       -4.1655682286       -1.5871807186
   -2   -1   -6   0.6363963       -7.3162397695       -9.7901633263
   -2   -1    6   0.6363963       -4.1655665017        1.5871822463
   -6    3   -2   0.6394276        0.5924657468       -1.0213120055
   -3   -3   -2   0.6394276        0.5882504570       -1.0237463546
    0    0   -7   0.6473330       -0.0000017713        0.0000000007
   -6    2   -2   0.6501876       -6.1672252893       11.8336779593
   -6    2    2   0.6501876        3.2166459392        5.0781092158
   -4   -2   -2   0.6501876       -7.1646532716       11.2578128897
   -4   -2    2   0.6501876        2.7894485655        5.3247521164
   -5    0   -3   0.6510562       -0.5580393752       -0.0000004443
   -5    0    3   0.6510562        2.6488684059        0.0000007386
   -5    1   -4   0.6543942        2.2697172070        0.5691711730
   -5    1    4   0.6543942       13.0827257874        1.4268967572
   -4   -1   -4   0.6543942       -0.6419424773        2.2502196053
   -4   -1    4   0.6543942       -7.7770917915      -10.6165251102
   -6    1    0   0.6558700       -5.8969713777       -4.7725287131
   -5   -1    0   0.6558700       -5.8969713649        4.7725286697
   -3    0   -6   0.6578396       -8.1172497673        0.0000009284
   -3    0    6   0.6578396        2.5679766784       -0.0000012418
   -1    0   -7   0.6579638        5.8188046627       10.0784672545
   -1    0    7   0.6579638       -0.4115342805        0.7127974786
   -4    0   -5   0.6601642       -0.5764419390        0.9984287416
   -4    0    5   0.6601642       -3.5190389392       -6.0951556983
   -6    1   -1   0.6623574        0.4555668827       -1.3725530811
   -6    1    1   0.6623574        8.0281644386       11.5102433255
   -5   -1   -1   0.6623574       -1.4164492674       -0.2917441075
   -5   -1    1   0.6623574      -13.9822453385       -1.1974731029
   -6    3   -3   0.6720318        5.5043513038        8.4821115499
   -3   -3   -3   0.6720318        5.5043518679       -8.4821105585
   -2    1   -7   0.6787260        2.2308548052      -10.4062356116
   -1   -1   -7   0.6787260      -10.1274906568       -3.2711405872
   -6    1   -2   0.6814491       -3.5222861985       -7.3383834534
   -6    1    2   0.6814491        0.8542778166        3.3915912214
   -5   -1   -2   0.6814491        8.1163704034       -0.6188025611
   -5   -1    2   0.6814491        2.5100652777        2.4356213398
   -6    2   -3   0.6822779       -8.5532333311        1.9036874799
   -6    2    3   0.6822779       -4.8579632859       -6.2882903474
   -4   -2   -3   0.6822779       -8.5532336286       -1.9036877437
   -4   -2    3   0.6822779       -4.8579632133        6.2882905138
   -4    2   -6   0.6887538       11.6129094139       -0.5699754035
   -2   -2   -6   0.6887538       11.6129093525        0.5699765484
   -2    0   -7   0.6888724       -2.9822155558       -5.1653475331
   -2    0    7   0.6888724        3.4871735308       -6.0399623618
   -5    2   -5   0.6909745        7.3132244965        0.5869513331
   -5    2    5   0.6909745       10.6874710642       15.6511419841
   -3   -2   -5   0.6909745       -4.1649258522       -6.0399619573
   -3   -2    5   0.6909745        8.2105509049       17.0811918871
   -5    0   -4   0.6955121       -8.4093186777      -14.5653675176
   -5    0    4   0.6955121       -1.1737761028        2.0330418413
   -4    1   -6   0.6987547       -5.2109224812       -3.6357022608
   -4    1    6   0.6987547       -3.7284223389       -6.7016855761
   -3   -1   -6   0.6987547       -5.2109218014        3.6357011901
   -3   -1    6   0.6987547       -3.7284228089        6.7016865734
   -6    0    0   0.7067864        4.1825215340        0.0000000003
   -5    1   -5   0.7107731      -13.0917520187       -0.4744433730
   -5    1    5   0.7107731       -1.9944419404       -0.0887702071
   -4   -1   -5   0.7107731        6.9567556803       11.1005670404
   -4   -1    5   0.7107731        0.9203424417       -1.7716225363
   -6    1   -3   0.7121320        3.6981445311        9.5311332363
   -6    1    3   0.7121320        5.9095538728       12.5714898924
   -5   -1   -3   0.7121320        3.6981448003       -9.5311325767
   -5   -1    3   0.7121320        5.9095541894      -12.5714904322
   -6    0   -1   0.7128105       -1.6847519161       -2.9180756633
   -6    0    1   0.7128105        6.1101530454      -10.5830951954
   -6    3   -4   0.7151851       -5.4598967850        6.3158249098
   -3   -3   -4   0.7151851        8.1996127146       -1.5704963249
   -7    3    0   0.7165356       -2.4542153326        2.5846936964
   -4   -3    0   0.7165356       -2.4542153011       -2.5846938108
   -3    1   -7   0.7184526       -7.9018208192        2.1506908915
   -3    1    7   0.7184526      -11.2674176180       -0.1056408462
   -2   -1   -7   0.7184526        5.8134643203       -5.7678330167
   -2   -1    7   0.7184526        5.7251974401        9.7050505654
   -7    3   -1   0.7224785        2.0761213488       -9.7641439363
   -7    3    1   0.7224785      -10.6872439058       -1.9437404361
   -4   -3   -1   0.7224785       -9.4940573295       -3.0840984599
   -4   -3    1   0.7224785        7.0269509406        8.2835544890
   -6    2   -4   0.7248213        5.0505862175        4.8307372151
   -6    2    4   0.7248213       -6.5414667868        5.7747427772
   -4   -2   -4   0.7248213        1.6582490210        6.7893039617
   -4   -2    4   0.7248213       -1.7303405552        8.5524473131
   -4    0   -6   0.7279334       13.3856655909       -0.0000000545
   -4    0    6   0.7279334        8.2140997633        0.0000000106
   -6    0   -2   0.7305849       -2.6080188968        4.5172207737
   -6    0    2   0.7305849        4.9856409176        8.6353842582
   -7    2    0   0.7356466       -0.2485230893        1.6256485631
   -5   -2    0   0.7356466       -0.2485230967       -1.6256486592
   -3    0   -7   0.7375139        7.5988285421       13.1615556517
   -3    0    7   0.7375139        3.6993457834       -6.4074570034
    0    0   -8   0.7398091       -0.0000020010        0.0000000008
   -7    3   -2   0.7400207       11.3387442638       -3.6971696262
   -7    3    2   0.7400207       -1.9705179996        3.8434294517
   -4   -3   -2   0.7400207       -2.4675293188      -11.6682252896
   -4   -3    2   0.7400207        4.3137668205        0.2151956545
   -7    2   -1   0.7414363        8.2583965536       12.9843296855
   -7    2    1   0.7414363       -1.4414437994       -4.2826391929
   -5   -2   -1   0.7414363        7.1155612246       13.6441461928
   -5   -2    1   0.7414363        4.4295956810       -0.8929927973
   -5    0   -5   0.7488014        1.4093941568       -2.4411405158
   -5    0    5   0.7488014        5.9323308832       10.2750984806
   -1    0   -8   0.7491287       -2.8424516116        4.9232695601
   -1    0    8   0.7491287       -6.7183235381      -11.6364789318
   -6    1   -4   0.7529906        4.5272626260        7.8848230679
   -6    1    4   0.7529906       -0.1147541439       -0.3375882319
   -5   -1   -4   0.7529906        4.5648260557        7.8631370950
   -5   -1    4   0.7529906        0.3497357622       -0.0694133730
   -5    2   -6   0.7559867       -0.0898011094        1.3953647713
   -5    2    6   0.7559867       -2.2963633078        1.2722558813
   -3   -2   -6   0.7559867       -0.0898004603       -1.3953636791
   -3   -2    6   0.7559867       -2.2963635111       -1.2722583127
   -7    2   -2   0.7585402       -5.0314465824       -7.0414247469
   -7    2    2   0.7585402       -4.7255620682      -11.5951600301
   -5   -2   -2   0.7585402        8.6137759210        0.8366482490
   -5   -2    2   0.7585402       -7.6789222618       -9.8900367268
   -6    0   -3   0.7592849      -13.2939415125       -0.0000003030
   -6    0    3   0.7592849       -5.3481824871        0.0000001487
   -4    2   -7   0.7652161        1.9685072226       -1.6082373139
   -2   -2   -7   0.7652161       -2.3770299518        0.9006604264
   -6    3   -5   0.7671090        4.4649924564        7.7618378408
   -3   -3   -5   0.7671090       -8.9544460620        0.0141227699
   -2    1   -8   0.7674285       -5.1095980294       -0.7311754915
   -1   -1   -8   0.7674285        3.1880172042        4.0594549866
   -7    3   -3   0.7683683       -2.5129392740       -3.5161706051
   -7    3    3   0.7683683        4.0075510774       -8.0426712146
   -4   -3   -3   0.7683683       -2.5129385122        3.5161713314
   -4   -3    3   0.7683683        4.0075504513        8.0426711999
   -7    1    0   0.7724514       -5.8933178856        9.7081563445
   -6   -1    0   0.7724514       -5.8933178637       -9.7081564093
   -5    1   -6   0.7741244       -0.9631501271        0.0290598577
   -5    1    6   0.7741244       -7.0313442585       12.0102709712
   -4   -1   -6   0.7741244       -0.9631511913       -0.0290615925
   -4   -1    6   0.7741244       -7.0313434436      -12.0102705515
   -4    1   -7   0.7742299       -2.4903633793       -6.1660091326
   -4    1    7   0.7742299        3.3479842305       10.7239482568
   -3   -1   -7   0.7742299       -4.0947382552       -5.2397232957
   -3   -1    7   0.7742299      -10.9612017111        2.4625331779
   -6    2   -5   0.7761008        5.3204858877       -3.5637022450
   -6    2    5   0.7761008       -5.4338565422       -3.2119503205
   -4   -2   -5   0.7761008        0.4260137828       -6.3895277340
   -4   -2    5   0.7761008       -0.0647011583       -6.3118342675
   -2    0   -8   0.7764166        1.3059769491       -2.2620194913
   -2    0    8   0.7764166        2.3338982148        4.0424317891
   -7    1   -1   0.7779672        2.4891459600       -5.8167551453
   -7    1    1   0.7779672       -4.6019676876        0.8744018040
   -6   -1   -1   0.7779672       -6.2820307126       -0.7527142531
   -6   -1    1   0.7779672        1.5437299600        4.4226217647
   -7    2   -3   0.7862204        1.0368284981       -1.0509202177
   -7    2    3   0.7862204       -3.2052411039       -3.7492631337
   -5   -2   -3   0.7862204        1.0368281974        1.0509201363
   -5   -2    3   0.7862204       -3.2052410063        3.7492635157
   -7    1   -2   0.7942849       11.9131858462        3.9985154228
   -7    1    2   0.7942849        2.2667266531        3.9877632224
   -6   -1   -2   0.7942849       -9.4194085821       -8.3178638891
   -6   -1    2   0.7942849        2.3201411390        3.9569245051
   -6    0   -4   0.7977320       -0.3716637536       -0.6437420160
   -6    0    4   0.7977320       -4.5437635291        7.8700300374
   -4    0   -7   0.8006628       -0.5906601544       -1.0230505775
   -4    0    7   0.8006628        4.7747057085       -8.2700329919
   -6    1   -5   0.8024721        0.7691198265        0.8406871560
   -6    1    5   0.8024721       -4.1248402323       -6.9715129741
   -5   -1   -5   0.8024721       -1.1126182667       -0.2457331361
   -5   -1    5   0.8024721       -3.9750873696       -7.0579718016
   -3    1   -8   0.8027775        8.2785125835       -1.4748190621
   -3    1    8   0.8027775        9.0349735412        2.2442551563
   -2   -1   -8   0.8027775       -2.8620258970       -7.9068099163
   -2   -1    8   0.8027775       -2.5739047645        8.9466430562
   -7    3   -4   0.8063825        3.1177649974       -1.8747440996
   -7    3    4   0.8063825        9.0971852536        0.6662320849
   -4   -3   -4   0.8063825       -3.1824588025        1.7626917936
   -4   -3    4   0.8063825       -5.1255662226       -7.5452781750
   -5    0   -6   0.8091809       -2.2732717258        0.0000013912
   -5    0    6   0.8091809        1.1034743244       -0.0000003139
   -8    4    0   0.8161266        2.0854866424        7.6413458876
   -4   -4    0   0.8161266        2.0854866973       -7.6413458892
   -3    0   -8   0.8198807       -0.1673298527        0.2898222992
   -3    0    8   0.8198807       -7.8175077834      -13.5403205985
   -7    1   -3   0.8207604        4.2831436747       -3.5647509556
   -7    1    3   0.8207604       -1.7735458267       -5.1312335136
   -6   -1   -3   0.8207604        4.2831449652        3.5647515497
   -6   -1    3   0.8207604       -1.7735459035        5.1312328829
   -8    4   -1   0.8213492       -2.4962788649       -2.1819122837
   -4   -4   -1   0.8213492       -0.6414523015       -3.2527970352
   -7    2   -4   0.8234108       -3.5384807467       -4.3606148350
   -7    2    4   0.8234108       -1.7337669062       -4.4709225446
   -5   -2   -4   0.8234108       -2.0071635712       -5.2447221814
   -5   -2    4   0.8234108        4.7388167699       -0.7339749253
   -8    3    0   0.8245841       -2.5919504282       -7.0333357789
   -7    0    0   0.8245841        9.8493524002        0.0000000429
   -5   -3    0   0.8245841       -2.5919503384        7.0333359067
   -6    3   -6   0.8261516       -4.3668980169       -6.8171683552
   -3   -3   -6   0.8261516       -4.3668970688        6.8171681794
   -5    2   -7   0.8262505        1.6962137192        4.0755034746
   -5    2    7   0.8262505       -0.7090488458       -1.8842810985
   -3   -2   -7   0.8262505        2.6813832115        3.5067166930
   -3   -2    7   0.8262505        1.9863581570       -0.3280861862
   -8    3   -1   0.8297535       -1.7229577802       -1.1586696540
   -8    3    1   0.8297535       -0.2855714548       -0.1148956827
   -7    0   -1   0.8297535        5.7109838390        9.8917143024
   -7    0    1   0.8297535       -1.3445866191        2.3288920878
   -5   -3   -1   0.8297535       -0.1419581993       -2.0714599299
   -5   -3    1   0.8297535        0.2422883917        0.1898641278
    0    0   -9   0.8322853      -19.1313086912       -0.0000002169
   -6    2   -6   0.8345075        4.2268668737        5.4722698228
   -6    2    6   0.8345075        8.1098097401       -3.2652676604
   -4   -2   -6   0.8345075        4.2268674149       -5.4722702928
   -4   -2    6   0.8345075        8.1098092400        3.2652668536
   -8    4   -2   0.8368214       -5.0098516160        8.1443686785
   -4   -4   -2   0.8368214       -4.5483045692        8.4108432750
   -1    0   -9   0.8405802        5.8360656925       -0.0000011074
   -1    0    9   0.8405802        2.8989376641        0.0000015616
   -5    1   -7   0.8428775       -2.4466849179       -5.1845895197
   -5    1    7   0.8428775       -4.9262880533       -0.8245221309
   -4   -1   -7   0.8428775       -3.2666438557       -4.7111878848
   -4   -1    7   0.8428775        3.1772015033        3.8540312457
   -6    0   -5   0.8445963        4.8790976566       -8.4508443812
   -6    0    5   0.8445963        1.0957916926        1.8979650890
   -4    2   -8   0.8448865       -4.1248305221        0.3864093146
   -2   -2   -8   0.8448865        1.7277737219        3.7654119593
   -8    3   -2   0.8450718       -2.6574728355       -4.5405826163
   -8    3    2   0.8450718        2.6484579081        6.6518099967
   -7    0   -2   0.8450718       -0.4740318670        0.8210463178
   -7    0    2   0.8450718       -3.1111750590       -5.3887131526
   -5   -3   -2   0.8450718        5.2609963979        0.0311477953
   -5   -3    2   0.8450718        4.4364074457        5.6195365945
   -8    2    0   0.8494515        2.9374498639       -2.6033722928
   -6   -2    0   0.8494515        2.9374497749        2.6033723067
   -7    3   -5   0.8527715       -8.1664774514       -1.7855731018
   -7    3    5   0.8527715       -2.9964961128        0.8170526068
   -4   -3   -5   0.8527715        5.6295909149        6.1795894500
   -4   -3    5   0.8527715        2.2058361385       -2.1865151914
   -4    1   -8   0.8530589       -2.2373415148       -3.6282806591
   -4    1    8   0.8530589       -5.0037314139        4.8938776497
   -3   -1   -8   0.8530589        4.2608564174        0.1234533279
   -3   -1    8   0.8530589        6.7400891281       -1.8864210259
   -8    2   -1   0.8544705       -8.3585826528       -4.8596997251
   -8    2    1   0.8544705        4.2706245602       -5.0081976123
   -6   -2   -1   0.8544705       -0.0293318971       -9.6685947452
   -6   -2    1   0.8544705        2.2019138946       -6.2025683167
   -7    1   -4   0.8564523        0.3960514034        3.2070859082
   -7    1    4   0.8564523        6.3321350018       -4.4436282927
   -6   -1   -4   0.8564523        2.5793917604        1.9465341586
   -6   -1    4   0.8564523        0.6822272563       -7.7056041016
   -2    1   -9   0.8569292        5.2974573381       -0.9242699524
   -1   -1   -9   0.8569292        5.2974564869        0.9242708093
   -6    1   -6   0.8590877       -5.0192013566       -9.1721905787
   -6    1    6   0.8590877       -2.6039493798       -5.8703552977
   -5   -1   -6   0.8590877       -5.0192011731        9.1721895769
   -5   -1    6   0.8590877       -2.6039496679        5.8703563232
   -8    4   -3   0.8619914       -6.7444765653        2.3000824969
   -4   -4   -3   0.8619914       -6.7444768296       -2.3000829750
   -2    0   -9   0.8649879       -5.6025573636        0.0000002740
   -2    0    9   0.8649879       -9.3332663772       -0.0000009032
   -7    2   -5   0.8688912        0.3326358637        2.0204154876
   -7    2    5   0.8688912        3.9149763534        4.0715257134
   -5   -2   -5   0.8688912       -1.9160481496        0.7221367195
   -5   -2    5   0.8688912        1.5685556594        5.4262312432
   -8    2   -2   0.8693534       -5.7047320355        7.1197846818
   -8    2    2   0.8693534        3.1195719867       -2.1739857119
   -6   -2   -2   0.8693534       -3.3135483713        8.5003356701
   -6   -2    2   0.8693534       -3.4425132764        1.6146361280
   -8    3   -3   0.8700032        4.7005437428        4.5815144252
   -8    3    3   0.8700032        7.2371313617       12.9111434350
   -7    0   -3   0.8700032        2.6796142556       -0.0000002555
   -7    0    3   0.8700032        2.6249945693        0.0000000846
   -5   -3   -3   0.8700032        4.7005436212       -4.5815145220
   -5   -3    3   0.8700032        7.2371311239      -12.9111439444
   -5    0   -7   0.8751844        7.2029985321       12.4759593519
   -5    0    7   0.8751844       -0.8275082505        1.4332859982
   -4    0   -8   0.8771194       -6.2819829309       10.8807125313
   -4    0    8   0.8771194        1.1125768990        1.9270423273
   -3    1   -9   0.8887255       -1.2670050763        0.6428696023
   -3    1    9   0.8887255       -0.2801779702       -2.9166341637
   -2   -1   -9   0.8887255       -1.2670052381       -0.6428676499
   -2   -1    9   0.8887255       -0.2801776408        2.9166326614
   -8    1    0   0.8893534       -3.4972426362       -8.6202391959
   -7   -1    0   0.8893534       -3.4972426436        8.6202392422
   -6    3   -7   0.8908986       -0.6661254707        0.3072480121
   -3   -3   -7   0.8908986        0.5991477330       -0.4232574259
   -8    2   -3   0.8936075       -2.8290826505       -4.8035210453
   -8    2    3   0.8936075       -7.6820472401       -1.3785372466
   -6   -2   -3   0.8936075       -2.8290828845        4.8035209619
   -6   -2    3   0.8936075       -7.6820471746        1.3785379113
   -8    1   -1   0.8941484       -4.9549650236       -3.9738894344
   -8    1    1   0.8941484       -1.6266458122        5.1481386052
   -7   -1   -1   0.8941484       -0.9640066954       -6.2780706843
   -7   -1    1   0.8941484       -3.6450956897        3.9827854650
   -8    4   -4   0.8960425        7.4230319781       -0.1037211067
   -4   -4   -4   0.8960425       -3.8013397162        6.3766737109
   -6    0   -6   0.8985617        2.2159805474        0.0000002916
   -6    0    6   0.8985617       10.7883312923       -0.0000003643
   -6    2   -7   0.8986527       -2.1109999614       -2.3919125257
   -6    2    7   0.8986527        3.3491691331       -7.8313591488
   -4   -2   -7   0.8986527       -1.0159577865       -3.0241344241
   -4   -2    7   0.8986527        5.1075700336       -6.8161455702
   -7    1   -5   0.9002650       -4.3713974206        5.2512949580
   -7    1    5   0.9002650        0.5307390795       -3.2794091233
   -6   -1   -5   0.9002650       -2.3620559917        6.4113879906
   -6   -1    5   0.9002650       -3.1054216161       -1.1800702305
   -5    2   -8   0.9005373        0.9825532102        0.4578158683
   -5    2    8   0.9005373       -2.1082315078       -7.1245026822
   -3   -2   -8   0.9005373       -0.8877572532       -0.6220069677
   -3   -2    8   0.9005373       -5.1158835150       -5.3880331420
   -8    3   -4   0.9037524       -2.0600712711       -0.4264876903
   -8    3    4   0.9037524       -3.5761058351       -4.1218059843
   -7    0   -4   0.9037524       -5.7561821213       -9.9699991109
   -7    0    4   0.9037524        1.4250459527       -2.4682517166
   -5   -3   -4   0.9037524        0.6606858810       -1.9973174735
   -5   -3    4   0.9037524        5.3576407786        1.0360962734
   -3    0   -9   0.9042044        1.7443327278       -0.0000017532
   -3    0    9   0.9042044        5.1784479781        0.0000013833
   -7    3   -6   0.9062502       -4.3629162769        6.5265845044
   -7    3    6   0.9062502        2.7598423476        1.5470096656
   -4   -3   -6   0.9062502       -4.3629171656       -6.5265848698
   -4   -3    6   0.9062502        2.7598431686       -1.5470083556
   -8    1   -2   0.9083814       -0.7463469792       -1.4906186973
   -8    1    2   0.9083814       -2.5944048356       -0.0403769766
   -7   -1   -2   0.9083814        1.6640873228       -0.0989539454
   -7   -1    2   0.9083814        1.2622350814       -2.2670090125
   -5    1   -8   0.9158166        7.6718743272       -1.6511675746
   -5    1    8   0.9158166        2.3083416307        3.7526793747
   -4   -1   -8   0.9158166       -2.4059832569       -7.4696214773
   -4   -1    8   0.9158166        2.0957456546        3.8754215798
   -9    4    0   0.9200297        0.6975622371        1.1232882386
   -5   -4    0   0.9200297        0.6975622758       -1.1232882644
   -7    2   -6   0.9214348        2.9461455309        3.2221456785
   -7    2    6   0.9214348       -1.6454378247        0.2527431495
   -5   -2   -6   0.9214348        2.9461454150       -3.2221445182
   -5   -2    6   0.9214348       -1.6454387123       -0.2527436883
   -6    1   -7   0.9215235        0.5760680402       -0.8315044178
   -6    1    7   0.9215235        3.5344375462        6.8031253923
   -5   -1   -7   0.9215235       -1.0081368261        0.0831370718
   -5   -1    7   0.9215235       -7.6588975719        0.3406499542
   -9    4   -1   0.9246656        3.4137730550        8.5511424452
   -9    4    1   0.9246656        3.7888629964        4.6182309611
   -5   -4   -1   0.9246656        5.6986200074        7.2319854892
   -5   -4    1   0.9246656       -5.8939371706       -0.9721361366
    0    0  -10   0.9247614        0.0000015650       -0.0000000001
   -8    2   -4   0.9264973       -1.3040477012        0.9591802694
   -8    2    4   0.9264973       -2.4729811595        7.8222748725
   -6   -2   -4   0.9264973        1.4826992836       -0.6497488935
   -6   -2    4   0.9264973       -5.5377975263        6.0528022786
   -4    2   -9   0.9269382       -8.0187365052       -2.5910240525
   -2   -2   -9   0.9269382       -8.0187370101        2.5910250508
   -8    1   -3   0.9316201        1.7988648714        6.7676758123
   -8    1    3   0.9316201        5.5846584619        4.3279219210
   -7   -1   -3   0.9316201        1.7988641667       -6.7676755638
   -7   -1    3   0.9316201        5.5846587301       -4.3279221471
   -1    0  -10   0.9322339       -4.6950920980       -8.1321363777
   -1    0   10   0.9322339       -4.5505783459        7.8818343428
   -4    1   -9   0.9343933        4.3843258005        8.5021847149
   -4    1    9   0.9343933        4.8521053953        7.5102261623
   -3   -1   -9   0.9343933        4.3843261290       -8.5021835396
   -3   -1    9   0.9343933        4.8521053575       -7.5102269201
   -9    3    0   0.9349905        4.0226724205        4.7230983494
   -6   -3    0   0.9349905        4.0226723919       -4.7230983448
   -8    4   -5   0.9380078        3.0126317045       -4.6912643759
   -4   -4   -5   0.9380078        2.5564388669       -4.9546482926
   -9    4   -2   0.9384359        1.3940301422        2.2911321743
   -9    4    2   0.9384359       -5.4184551553       -5.9252412627
   -5   -4   -2   0.9384359       -2.6811939139       -0.0616995557
   -5   -4    2   0.9384359       -2.4221814949       -7.6551401480
   -9    3   -1   0.9395526       -0.0976551759       -1.0098622033
   -9    3    1   0.9395526       -2.7219711051        3.2738751420
   -6   -3   -1   0.9395526       -0.8257385845       -0.5895026855
   -6   -3    1   0.9395526       -1.4742736308        3.9942337862
   -8    0    0   0.9423819        5.3294180596        0.0000000260
   -8    3   -5   0.9453755        2.8065420459        2.9485508606
   -8    3    5   0.9453755        2.2447634878        1.6547486627
   -7    0   -5   0.9453755       -1.7386510173        3.0114325291
   -7    0    5   0.9453755        5.9496925499       10.3051700147
   -5   -3   -5   0.9453755       -3.9567924371       -0.9562607705
   -5   -3    5   0.9453755        0.3106719493        2.7713968907
   -5    0   -8   0.9456348        0.0812548083       -0.1407384270
   -5    0    8   0.9456348       -1.2950155019       -2.2430329002
   -8    0   -1   0.9469084        0.9195111311        1.5926400825
   -8    0    1   0.9469084        4.4630869773       -7.7302937084
   -2    1  -10   0.9470019        0.3886984725        2.2872711660
   -1   -1  -10   0.9470019        1.7864840233        1.4802578643
   -7    1   -6   0.9510769        1.6669361283        5.1760964471
   -7    1    6   0.9510769       -5.0678890836        3.4232061183
   -6   -1   -6   0.9510769        1.6669362478       -5.1760972937
   -6   -1    6   0.9510769       -5.0678874699       -3.4232052644
   -9    3   -2   0.9531079        7.5689728183       -1.0498356558
   -9    3    2   0.9531079       -3.2561701487        7.0800105331
   -6   -3   -2   0.9531079       -2.8753021682       -7.0798405574
   -6   -3    2   0.9531079        7.7595543156        0.7200792130
   -2    0  -10   0.9543002        0.7440692348        1.2887640725
   -2    0   10   0.9543002        1.9013631302       -3.2932564596
   -4    0   -9   0.9564098       -4.7225645379       -0.0000008207
   -4    0    9   0.9564098       -6.3875883860        0.0000009481
   -6    0   -7   0.9584295       -4.2354875122       -7.3360784055
   -6    0    7   0.9584295        1.5920031322       -2.7574313492
   -6    3   -8   0.9601968       -5.8530367854       -0.5076484394
   -3   -3   -8   0.9601968        3.3661564389        4.8150541856
   -8    0   -2   0.9603598       -1.4544549795        2.5191897176
   -8    0    2   0.9603598        0.7288529115        1.2624114756
   -9    4   -3   0.9609481       -2.3198499858       -3.6368058773
   -9    4    3   0.9609481        0.1219642493       -3.0801277499
   -5   -4   -3   0.9609481       -2.3198500983        3.6368056611
   -5   -4    3   0.9609481        0.1219648437        3.0801278214
   -8    1   -4   0.9632128        6.0024057750        0.0571594332
   -8    1    4   0.9632128       -5.2764617907       -4.5281196669
   -7   -1   -4   0.9632128       -2.9517017818        5.2268159128
   -7   -1    4   0.9632128        6.5596969108        2.3054900851
   -9    2    0   0.9642160       -0.3405721261        0.9401786446
   -7   -2    0   0.9642160       -0.3405721206       -0.9401786772
   -7    3   -7   0.9656414        2.5448980057       -4.6319662013
   -7    3    7   0.9656414       -7.9227135849        2.9253488170
   -4   -3   -7   0.9656414       -5.2838489207       -0.1120373013
   -4   -3    7   0.9656414        1.4279310684        8.3239455452
   -8    2   -5   0.9671421        1.9662651501       -6.9513530813
   -8    2    5   0.9671421        0.3652048999       -2.3376143730
   -6   -2   -5   0.9671421        5.0369166242       -5.1785121650
   -6   -2    5   0.9671421       -2.2070350241       -0.8525314201
   -6    2   -8   0.9673955       -1.0530199123        2.3978729932
   -6    2    8   0.9673955        4.3192318134       -1.7970014083
   -4   -2   -8   0.9673955       -1.5501101848        2.1108782200
   -4   -2    8   0.9673955       -3.7158671825        2.8420644647
   -9    2   -1   0.9686405        7.0824015654        5.0929765104
   -9    2    1   0.9686405        2.1131776714        5.6154597497
   -7   -2   -1   0.9686405        0.8694464547        8.6800282500
   -7   -2    1   0.9686405       -5.9197196899        0.9776645797
   -9    3   -3   0.9752814        4.3176858409       -1.8343209761
   -9    3    3   0.9752814        2.9011051514       -4.9676243423
   -6   -3   -3   0.9752814        4.3176864902        1.8343215775
   -6   -3    3   0.9752814        2.9011041972        4.9676238698
   -3    1  -10   0.9758677        4.9639563394        3.7239181752
   -3    1   10   0.9758677        5.9645951634       -0.8884437783
   -2   -1  -10   0.9758677        0.7430297889        6.1608734015
   -2   -1   10   0.9758677       -2.2128822303       -5.6097153359
   -5    2   -9   0.9779308        3.9690248359       -5.7115296675
   -5    2    9   0.9779308        3.1694512275       -5.7570461848
   -3   -2   -9   0.9779308        3.9690248012        5.7115284815
   -3   -2    9   0.9779308        3.1694510610        5.7570470165
   -7    2   -7   0.9799061        3.8629289296        9.7081543821
   -7    2    7   0.9799061        3.4266241181        3.9751408614
   -5   -2   -7   0.9799061        6.4760431551        8.1994722094
   -5   -2    7   0.9799061       -5.1558858289       -0.9799736976
   -9    2   -2   0.9817942       -0.9623873126       -7.0794389616
   -9    2    2   0.9817942       -2.0384358172       -2.9130307399
   -7   -2   -2   0.9817942        3.5572231688        0.2537773245
   -7   -2    2   0.9817942       -5.5944867327       -4.3874886234
   -8    0   -3   0.9823696        0.0270433059        0.0000000095
   -8    0    3   0.9823696       -3.1006769651        0.0000001801
   -8    4   -6   0.9868783        4.7028681662       -0.3007511542
   -4   -4   -6   0.9868783        4.7028691574        0.3007508829
   -6    1   -8   0.9886774       -5.7426158089       -8.4718561019
   -6    1    8   0.9886774       -1.3703700088       -0.5989162001
   -5   -1   -8   0.9886774       10.2081510348        0.7373228371
   -5   -1    8   0.9886774        0.1665101436       -1.4862329542
   -3    0  -10   0.9899851       -4.7372902407       -8.2052290917
   -3    0   10   0.9899851        0.9054606044       -1.5683029071
   -9    4   -4   0.9916068       -3.9464592183       -7.8808403277
   -9    4    4   0.9916068       -2.2538903684       -3.7986807512
   -5   -4   -4   0.9916068       -2.1991639243       -3.9102323634
   -5   -4    4   0.9916068        8.7289956599       -0.5206850373
   -5    1   -9   0.9920188        1.1193913562       -3.1778963865
   -5    1    9   0.9920188       -0.9514907660        0.8830756203
   -4   -1   -9   0.9920188        1.1193919569        3.1778976253
   -4   -1    9   0.9920188       -0.9514918986       -0.8830774569
   -8    3   -6   0.9938839       -2.8677311294       -2.0201623892
   -8    3    6   0.9938839       -0.1952502707       -0.0029248894
   -7    0   -6   0.9938839       -0.2380820077       -0.0000007000
   -7    0    6   0.9938839       -5.7968457449       11.6600903585
   -5   -3   -6   0.9938839       -2.8677317658        2.0201625339
   -5   -3    6   0.9938839       -5.7662844600      -11.6571659762
