
    0    0    0   0.0000000       90.0000000860        0.0000025485
    0    0   -1   0.0924761       -0.0000010382        0.0000000101
   -1    0    0   0.1177977      -16.2605553882       -0.0000003482
   -1    0   -1   0.1497603       19.9783461718       34.6035104703
   -1    0    1   0.1497603       12.9566189232      -22.4415217997
    0    0   -2   0.1849523       -0.0000003187       -0.0000000062
   -2    1    0   0.2040317      -17.3010927858        7.4701206642
   -1   -1    0   0.2040317      -17.3010915716       -7.4701211322
   -1    0   -2   0.2192799        4.7529355038       -8.2323254796
   -1    0    2   0.2192799       -8.9898236027      -15.5708279409
   -2    1   -1   0.2240106       -7.7995782811       -6.3187171855
   -1   -1   -1   0.2240106       -1.5723803187       -9.9139908154
   -2    0    0   0.2355955       18.0267299803       -0.0000002360
   -2    0   -1   0.2530950       -4.5097994486       -7.8112012543
   -2    0    1   0.2530950       -7.1059795100       12.3079168086
   -2    1   -2   0.2753839      -15.8932447461      -19.1689574821
   -1   -1   -2   0.2753839       24.5474268438        4.1794743592
    0    0   -3   0.2774284       -8.7843738378       -0.0000015240
   -2    0   -2   0.2995206      -10.2304751286       17.7197021309
   -2    0    2   0.2995206        4.9931976091        8.6484737590
   -1    0   -3   0.3014015       14.4610575169       -0.0000005477
   -1    0    3   0.3014015       -2.3688734931        0.0000008254
   -3    1    0   0.3116635        3.6674654881        2.2734923880
   -2   -1    0   0.3116635        3.6674655470       -2.2734922113
   -3    1   -1   0.3250938      -18.0233556429       -8.1881960477
   -3    1    1   0.3250938      -17.0403973633        3.5110686539
   -2   -1   -1   0.3250938        1.9204916693      -19.7027825901
   -2   -1    1   0.3250938        5.4795239187       16.5129514861
   -2    1   -3   0.3443769        5.2204390254       11.6051244787
   -1   -1   -3   0.3443769        5.2204392215      -11.6051231691
   -3    0    0   0.3533932       -8.7612971312        0.0000000712
   -3    1   -2   0.3624107       20.5452256277        1.5138640333
   -3    1    2   0.3624107       10.6000490068       -5.5523419251
   -2   -1   -2   0.3624107      -11.5836571001      -17.0357551666
   -2   -1    2   0.3624107      -10.1084926905        6.4037404223
   -2    0   -3   0.3639667      -15.7382366435       -0.0000007708
   -2    0    3   0.3639667      -33.3369431505       -0.0000004538
   -3    0   -1   0.3652925       14.9843122795       25.9535903107
   -3    0    1   0.3652925       -1.0576672419        1.8319331662
    0    0   -4   0.3699046        0.0000000810       -0.0000000039
   -1    0   -4   0.3882083       -5.1892980622       -8.9881272225
   -1    0    4   0.3882083      -10.6352869250       18.4208585555
   -3    0   -2   0.3988660       -7.4172607882       12.8470718267
   -3    0    2   0.3988660      -11.0950383170      -19.2171709400
   -4    2    0   0.4080633       18.8139102197        5.6410645727
   -2   -2    0   0.4080633       18.8139100239       -5.6410643294
   -3    1   -3   0.4172537        8.8879101524        0.1358745788
   -3    1    3   0.4172537       12.8875769684      -13.8203616625
   -2   -1   -3   0.4172537        8.8879117081       -0.1358738264
   -2   -1    3   0.4172537       12.8875753312       13.8203613702
   -4    2   -1   0.4184107       -9.0571654429       -6.2567727890
   -2   -2   -1   0.4184107       -0.8899412985      -10.9721211590
   -2    1   -4   0.4224433      -13.7510605402       13.0560198791
   -1   -1   -4   0.4224433       18.1823741312       -5.3807566684
   -4    1    0   0.4247258      -10.5228061279      -17.7588317117
   -3   -1    0   0.4247258      -10.5228060892       17.7588317084
   -4    1   -1   0.4346767       11.3064644280       -9.1588577567
   -4    1    1   0.4346767        5.7489101238        4.5566555040
   -3   -1   -1   0.4346767      -13.5850352250        5.2122565330
   -3   -1    1   0.4346767       -6.8206339276       -2.7003750069
   -2    0   -4   0.4385597       -0.8436676664       -1.4612782211
   -2    0    4   0.4385597       -4.7149863494        8.1665973576
   -4    2   -2   0.4480212       -0.1321786512       -2.0858077483
   -2   -2   -2   0.4480212        1.8724511573       -0.9284332626
   -3    0   -3   0.4492809       -3.5986892262       -0.0000006767
   -3    0    3   0.4492809        9.4740466810        0.0000005534
    0    0   -5   0.4623807        0.0000005894       -0.0000000054
   -4    1   -2   0.4632487       -6.8462205405      -18.5752805502
   -4    1    2   0.4632487        6.1953570507       10.1531017029
   -3   -1   -2   0.4632487       19.5097758137       -3.3586408667
   -3   -1    2   0.4632487        5.6951655533       10.4418868755
   -4    0    0   0.4711909       12.9337103810        0.0000000062
   -1    0   -5   0.4771501       10.4016520187      -18.0161882587
   -1    0    5   0.4771501        5.6193770441        9.7330452734
   -4    0   -1   0.4801799       -2.9763097147       -5.1551190783
   -4    0    1   0.4801799        9.6677085412      -16.7449624300
   -3    1   -4   0.4836978       -0.1147767523        3.4271425269
   -3    1    4   0.4836978       16.5972906419        2.6972553992
   -2   -1   -4   0.4836978        3.0253803778        1.6141735614
   -2   -1    4   0.4836978      -10.6345381204      -13.0250484959
   -4    2   -3   0.4934392      -15.8795006255        2.2998419043
   -2   -2   -3   0.4934392      -15.8795018368       -2.2998413945
   -2    1   -5   0.5053957        3.5576082323       13.6973763360
   -1   -1   -5   0.5053957      -13.6410824684        3.7677117396
   -4    0   -2   0.5061899       -5.2185094801        9.0387229764
   -4    0    2   0.5061899        1.5208137417        2.6341277370
   -4    1   -3   0.5073051        4.6423309454        6.7576418147
   -4    1    3   0.5073051        6.2736742208        3.2810744106
   -3   -1   -3   0.5073051        4.6423307082       -6.7576407887
   -3   -1    3   0.5073051        6.2736750093       -3.2810743978
   -3    0   -4   0.5115820       -4.0661047760       -7.0427010416
   -3    0    4   0.5115820       -3.1501165962        5.4561626441
   -5    2    0   0.5134684       -6.8842005462       10.8799108626
   -3   -2    0   0.5134684       -6.8842007400      -10.8799106724
   -2    0   -5   0.5189423        2.3071859823       -3.9961604743
   -2    0    5   0.5189423        0.8493928089        1.4711879371
   -5    2   -1   0.5217295        6.9229052986       16.4110031627
   -5    2    1   0.5217295        1.0940440635       -0.1586564734
   -3   -2   -1   0.5217295       10.7508930180       14.2009134632
   -3   -2    1   0.5217295       -0.4096217477       -1.0267983713
   -5    1    0   0.5398170       -1.1008489487        3.5447234332
   -4   -1    0   0.5398170       -1.1008487587       -3.5447235496
   -5    2   -2   0.5457629       -1.3511190436        2.6561920720
   -5    2    2   0.5457629       -5.0163734235       -8.1678280064
   -3   -2   -2   0.5457629       -1.6247706122        2.4981999706
   -3   -2    2   0.5457629       -4.5653591082       -8.4282204571
   -4    0   -3   0.5467974      -12.8175594424        0.0000002179
   -4    0    3   0.5467974      -18.3526869730        0.0000002474
   -5    1   -1   0.5476808       -3.9941213653       -5.0082536209
   -5    1    1   0.5476808      -15.9932258674        2.6719998318
   -4   -1   -1   0.5476808       -2.3402145356       -5.9631379405
   -4   -1    1   0.5476808        5.6825933324       15.1865395730
   -4    2   -4   0.5507677       11.3658397854       -0.4764358642
   -2   -2   -4   0.5507677       -6.0955235627        9.6048872397
    0    0   -6   0.5548569       13.7466399538        0.0000002568
   -3    1   -5   0.5576110      -14.1832948718       -1.8169831437
   -3    1    5   0.5576110       -0.9408566150       -4.6354440210
   -2   -1   -5   0.5576110        8.6652004682       11.3746002197
   -2   -1    5   0.5576110       -3.5439848564       -3.1325263814
   -4    1   -4   0.5632241        0.7620444156        6.8887479077
   -4    1    4   0.5632241       -9.0078613291       -7.7855699742
   -3   -1   -4   0.5632241        5.5848075907        4.1043235762
   -3   -1    4   0.5632241       11.2464309612        3.9082513864
   -1    0   -6   0.5672235       -0.0233536423        0.0000017545
   -1    0    6   0.5672235       -9.9585977561       -0.0000010838
   -5    1   -2   0.5706223        8.6988640989        1.9872102627
   -5    1    2   0.5706223        3.6918260188        6.7194637842
   -4   -1   -2   0.5706223       -6.0704060489       -6.5398314334
   -4   -1    2   0.5706223        3.9733131861        6.5569463462
   -3    0   -5   0.5819645        1.5627067010       -2.7066867715
   -3    0    5   0.5819645        4.0401121040        6.9976777686
   -5    2   -3   0.5836235        1.5210415865        0.1520206622
   -5    2    3   0.5836235       -0.5927146667        0.0971315254
   -3   -2   -3   0.5836235        1.5210407761       -0.1520226025
   -3   -2    3   0.5836235       -0.5927141155       -0.0971305777
   -5    0    0   0.5889887       -0.0697636720        0.0000000321
   -2    1   -6   0.5911811       -4.9072817112       -5.4538013392
   -1   -1   -6   0.5911811       -4.9072824307        5.4537996670
   -5    0   -1   0.5962042        2.6669575545        4.6193063801
   -5    0    1   0.5962042        0.5079364011       -0.8797727299
   -4    0   -4   0.5990411        3.6431624473        6.3101417728
   -4    0    4   0.5990411        1.2514537991       -2.1675814261
   -2    0   -6   0.6028029       21.9115760866       -0.0000005875
   -2    0    6   0.6028029        9.7308299246       -0.0000009229
   -5    1   -3   0.6069341        9.3776551696      -15.2127186637
   -5    1    3   0.6069341        3.3818256669       -3.4291872986
   -4   -1   -3   0.6069341        9.3776558133       15.2127187640
   -4   -1    3   0.6069341        3.3818244673        3.4291865423
   -6    3    0   0.6120950       -7.4872295751      -12.2272631243
   -3   -3    0   0.6120950       -7.4872297364       12.2272630478
   -4    2   -5   0.6166941        6.1381920819      -10.1342451828
   -2   -2   -5   0.6166941        5.7074190690      -10.3829525836
   -5    0   -2   0.6173451        0.8154679789       -1.4124317292
   -5    0    2   0.6173451      -12.1522344284      -21.0482874986
   -6    3   -1   0.6190413       -1.9997448595      -10.8072526697
   -3   -3   -1   0.6190413       -8.3594827783       -7.1354561025
   -6    2    0   0.6233270       15.0887420446       -1.7024470863
   -4   -2    0   0.6233270       15.0887421003        1.7024470603
   -4    1   -5   0.6278439        7.9217488423        4.8565893894
   -4    1    5   0.6278439        2.0345763787       -6.0118733639
   -3   -1   -5   0.6278439       -8.1668054052       -4.4321414978
   -3   -1    5   0.6278439       -6.2237243336       -1.2439418041
   -6    2   -1   0.6301495       -7.9960790062        2.0361447958
   -6    2    1   0.6301495        2.7990330817       -3.4405601956
   -4   -2   -1   0.6301495        5.7613920195       -5.9067351887
   -4   -2    1   0.6301495        1.5800958259       -4.1443138553
   -5    2   -4   0.6328343      -11.3995652191      -15.7370771637
   -5    2    4   0.6328343       -7.9701399972       -0.2027160151
   -3   -2   -4   0.6328343       -7.9289256384      -17.7408519996
   -3   -2    4   0.6328343        4.1606288968        6.8009870770
   -3    1   -6   0.6363963       -7.3160153935        9.7766157663
   -3    1    6   0.6363963       -4.1779772348       -1.5567287413
   -2   -1   -6   0.6363963       -7.3160159943       -9.7766164388
   -2   -1    6   0.6363963       -4.1779755063        1.5567302702
   -6    3   -2   0.6394276        0.5632555542       -1.0424304637
   -3   -3   -2   0.6394276        0.6211446756       -1.0090088156
    0    0   -7   0.6473330       -0.0000017720        0.0000000007
   -6    2   -2   0.6501876       -6.1760229021       11.8336266644
   -6    2    2   0.6501876        3.2377450867        5.0774877247
   -4   -2   -2   0.6501876       -7.1602100417       11.2654062010
   -4   -2    2   0.6501876        2.7783607621        5.3427137699
   -5    0   -3   0.6510562       -0.5509406078       -0.0000004475
   -5    0    3   0.6510562        2.6426634885        0.0000007368
   -5    1   -4   0.6543942        2.2800929472        0.5878855311
   -5    1    4   0.6543942       13.1054679171        1.4229345246
   -4   -1   -4   0.6543942       -0.6309232375        2.2685624436
   -4   -1    4   0.6543942       -7.7850314610      -10.6382014892
   -6    1    0   0.6558700       -5.9073491156       -4.8113049287
   -5   -1    0   0.6558700       -5.9073491031        4.8113048842
   -3    0   -6   0.6578396       -8.1090321775        0.0000009342
   -3    0    6   0.6578396        2.5374326015       -0.0000012447
   -1    0   -7   0.6579638        5.8312424466       10.1000101289
   -1    0    7   0.6579638       -0.3872338677        0.6707079219
   -4    0   -5   0.6601642       -0.5538742374        0.9593403402
   -4    0    5   0.6601642       -3.5198813810       -6.0966148595
   -6    1   -1   0.6623574        0.4429192474       -1.3939917130
   -6    1    1   0.6623574        8.0266529450       11.5136849053
   -5   -1   -1   0.6623574       -1.4286918513       -0.3134165973
   -5   -1    1   0.6623574      -13.9844700867       -1.1944433230
   -6    3   -3   0.6720318        5.5194994518        8.5112072818
   -3   -3   -3   0.6720318        5.5195000120       -8.5112062913
   -2    1   -7   0.6787260        2.2463415742      -10.4179535286
   -1   -1   -7   0.6787260      -10.1453820483       -3.2635876065
   -6    1   -2   0.6814491       -3.5360903096       -7.3521799123
   -6    1    2   0.6814491        0.8622476061        3.4033530948
   -5   -1   -2   0.6814491        8.1352205456       -0.6137460781
   -5   -1    2   0.6814491        2.5162664635        2.4484043153
   -6    2   -3   0.6822779       -8.5782774154        1.8937884941
   -6    2    3   0.6822779       -4.8947052932       -6.2715568703
   -4   -2   -3   0.6822779       -8.5782777130       -1.8937887575
   -4   -2    3   0.6822779       -4.8947052221        6.2715570384
   -4    2   -6   0.6887538       11.6438568864       -0.5680790697
   -2   -2   -6   0.6887538       11.6438568266        0.5680802087
   -2    0   -7   0.6888724       -2.9807287887       -5.1627723712
   -2    0    7   0.6888724        3.4869616871       -6.0395954407
   -5    2   -5   0.6909745        7.3071004920        0.5778528587
   -5    2    5   0.6909745       10.6861757112       15.6644545458
   -3   -2   -5   0.6909745       -4.1539843406       -6.0392076516
   -3   -2    5   0.6909745        8.2227275927       17.0867263602
   -5    0   -4   0.6955121       -8.4192830323      -14.5826262823
   -5    0    4   0.6955121       -1.1694583347        2.0255632487
   -4    1   -6   0.6987547       -5.2223735285       -3.6554776189
   -4    1    6   0.6987547       -3.7426081825       -6.7158145626
   -3   -1   -6   0.6987547       -5.2223728476        3.6554765465
   -3   -1    6   0.6987547       -3.7426086556        6.7158155606
   -6    0    0   0.7067864        4.2114877288       -0.0000000002
   -5    1   -5   0.7107731      -13.1077652069       -0.4738420987
   -5    1    5   0.7107731       -1.9983561961       -0.1067746382
   -4   -1   -5   0.7107731        6.9642415574       11.1147355008
   -4   -1    5   0.7107731        0.9067072751       -1.7840145958
   -6    1   -3   0.7121320        3.7159849855        9.5473190666
   -6    1    3   0.7121320        5.9170490031       12.5796652215
   -5   -1   -3   0.7121320        3.7159852548       -9.5473184081
   -5   -1    3   0.7121320        5.9170493211      -12.5796657632
   -6    0   -1   0.7128105       -1.6929349840       -2.9322491528
   -6    0    1   0.7128105        6.1175317165      -10.5958754291
   -6    3   -4   0.7151851       -5.4523835756        6.3275392163
   -3   -3   -4   0.7151851        8.2060009967       -1.5581325436
   -7    3    0   0.7165356       -2.4560468727        2.6008254596
   -4   -3    0   0.7165356       -2.4560468405       -2.6008255753
   -3    1   -7   0.7184526       -7.9064085466        2.1397249564
   -3    1    7   0.7184526      -11.2899484563       -0.1068174386
   -2   -1   -7   0.7184526        5.8062614075       -5.7772890768
   -2   -1    7   0.7184526        5.7374818156        9.7239745563
   -7    3   -1   0.7224785        2.0724894692       -9.7621862405
   -7    3    1   0.7224785      -10.7115860154       -1.9379149092
   -4   -3   -1   0.7224785       -9.4905459756       -3.0862649146
   -4   -3    1   0.7224785        7.0340769400        8.3075481398
   -6    2   -4   0.7248213        5.0636619392        4.8266229356
   -6    2    4   0.7248213       -6.5515686511        5.7894584544
   -4   -2   -4   0.7248213        1.6481480936        6.7985707278
   -4   -2    4   0.7248213       -1.7380337723        8.5685536249
   -4    0   -6   0.7279334       13.4008681630       -0.0000000554
   -4    0    6   0.7279334        8.2464250509        0.0000000116
   -6    0   -2   0.7305849       -2.6251290357        4.5468564042
   -6    0    2   0.7305849        4.9823520398        8.6296877560
   -7    2    0   0.7356466       -0.2417668819        1.6315635186
   -5   -2    0   0.7356466       -0.2417668892       -1.6315636150
   -3    0   -7   0.7375139        7.6047564846       13.1718231500
   -3    0    7   0.7375139        3.6997260771       -6.4081156898
    0    0   -8   0.7398091       -0.0000019981        0.0000000008
   -7    3   -2   0.7400207       11.3615409342       -3.6859093610
   -7    3    2   0.7400207       -1.9699184387        3.8547139582
   -4   -3   -2   0.7400207       -2.4886793301      -11.6823376507
   -4   -3    2   0.7400207        4.3232397090        0.2213571422
   -7    2   -1   0.7414363        8.2646978950       13.0036586384
   -7    2    1   0.7414363       -1.4325636052       -4.2636276926
   -5   -2   -1   0.7414363        7.1291499165       13.6592677927
   -5   -2    1   0.7414363        4.4086911404       -0.8911775191
   -5    0   -5   0.7488014        1.4090523362       -2.4405484621
   -5    0    5   0.7488014        5.9471147603       10.3007049097
   -1    0   -8   0.7491287       -2.8524478482        4.9405835518
   -1    0    8   0.7491287       -6.7258719995      -11.6495532523
   -6    1   -4   0.7529906        4.5188224704        7.8859508093
   -6    1    4   0.7529906       -0.1290120192       -0.3588404941
   -5   -1   -4   0.7529906        4.5700227815        7.8563915779
   -5   -1    4   0.7529906        0.3752696997       -0.0676918199
   -5    2   -6   0.7559867       -0.0978976016        1.4026855133
   -5    2    6   0.7559867       -2.3013640963        1.2775154688
   -3   -2   -6   0.7559867       -0.0978969531       -1.4026844149
   -3   -2    6   0.7559867       -2.3013643029       -1.2775179011
   -7    2   -2   0.7585402       -5.0281553265       -7.0379167532
   -7    2    2   0.7585402       -4.7412416209      -11.6125390142
   -5   -2   -2   0.7585402        8.6090922802        0.8355519369
   -5   -2    2   0.7585402       -7.6861331263       -9.9123051096
   -6    0   -3   0.7592849      -13.3024137398       -0.0000003049
   -6    0    3   0.7592849       -5.3624716748        0.0000001499
   -4    2   -7   0.7652161        1.9493072639       -1.6065264620
   -2   -2   -7   0.7652161       -2.3659483355        0.8848882030
   -6    3   -5   0.7671090        4.4719286888        7.7607522540
   -3   -3   -5   0.7671090       -8.9569740367        0.0075730242
   -2    1   -8   0.7674285       -5.1185842117       -0.7538345366
   -1   -1   -8   0.7674285        3.2121336082        4.0559077239
   -7    3   -3   0.7683683       -2.5051571944       -3.5291803995
   -7    3    3   0.7683683        4.0090182967       -8.0455930023
   -4   -3   -3   0.7683683       -2.5051564280        3.5291811264
   -4   -3    3   0.7683683        4.0090176674        8.0455929869
   -7    1    0   0.7724514       -5.8969990024        9.7185415677
   -6   -1    0   0.7724514       -5.8969989797       -9.7185416329
   -5    1   -6   0.7741244       -0.9758216294        0.0468150904
   -5    1    6   0.7741244       -7.0360454137       12.0119544481
   -4   -1   -6   0.7741244       -0.9758226950       -0.0468168267
   -4   -1    6   0.7741244       -7.0360445958      -12.0119540259
   -4    1   -7   0.7742299       -2.4833322763       -6.1747542024
   -4    1    7   0.7742299        3.3632130647       10.7350596013
   -3   -1   -7   0.7742299       -4.1058272562       -5.2380067156
   -3   -1    7   0.7742299      -10.9784388301        2.4549002899
   -6    2   -5   0.7761008        5.3260304918       -3.5739546101
   -6    2    5   0.7761008       -5.4405197810       -3.2143003931
   -4   -2   -5   0.7761008        0.4321202918       -6.3994556833
   -4   -2    5   0.7761008       -0.0634047599       -6.3187798420
   -2    0   -8   0.7764166        1.3002270124       -2.2520603132
   -2    0    8   0.7764166        2.3329135151        4.0407262453
   -7    1   -1   0.7779672        2.4888895622       -5.8263459174
   -7    1    1   0.7779672       -4.6214038762        0.8782454873
   -6   -1   -1   0.7779672       -6.2902083663       -0.7577316872
   -6   -1    1   0.7779672        1.5501193274        4.4413758379
   -7    2   -3   0.7862204        1.0386076075       -1.0573392168
   -7    2    3   0.7862204       -3.2040637132       -3.7553127287
   -5   -2   -3   0.7862204        1.0386073078        1.0573391349
   -5   -2    3   0.7862204       -3.2040636151        3.7553131120
   -7    1   -2   0.7942849       11.9279817214        3.9934713618
   -7    1    2   0.7942849        2.2635325173        3.9961849443
   -6   -1   -2   0.7942849       -9.4224382336       -8.3331995277
   -6   -1    2   0.7942849        2.3290316336        3.9583691614
   -6    0   -4   0.7977320       -0.3679936794       -0.6373852648
   -6    0    4   0.7977320       -4.5506831687        7.8820152060
   -4    0   -7   0.8006628       -0.5936352928       -1.0282036647
   -4    0    7   0.8006628        4.7795370317       -8.2784010927
   -6    1   -5   0.8024721        0.7725276484        0.8546773145
   -6    1    5   0.8024721       -4.1280589379       -6.9758968139
   -5   -1   -5   0.8024721       -1.1264380120       -0.2416893134
   -5   -1    5   0.8024721       -3.9772745371       -7.0629512012
   -3    1   -8   0.8027775        8.2943754756       -1.4742257013
   -3    1    8   0.8027775        9.0428804406        2.2463013425
   -2   -1   -8   0.8027775       -2.8704712074       -7.9202509009
   -2   -1    8   0.8027775       -2.5760861649        8.9545137223
   -7    3   -4   0.8063825        3.1158417115       -1.8651769064
   -7    3    4   0.8063825        9.1193135592        0.6611028452
   -4   -3   -4   0.8063825       -3.1732117291        1.7658097732
   -4   -3    4   0.8063825       -5.1321883245       -7.5670064693
   -5    0   -6   0.8091809       -2.2635163620        0.0000013914
   -5    0    6   0.8091809        1.1060425428       -0.0000003155
   -8    4    0   0.8161266        2.0953137441        7.6378976627
   -4   -4    0   0.8161266        2.0953137996       -7.6378976645
   -3    0   -8   0.8198807       -0.1703987731        0.2951378253
   -3    0    8   0.8198807       -7.8261837429      -13.5553478005
   -7    1   -3   0.8207604        4.2872553313       -3.5755536934
   -7    1    3   0.8207604       -1.7669049603       -5.1402405340
   -6   -1   -3   0.8207604        4.2872566229        3.5755542900
   -6   -1    3   0.8207604       -1.7669050374        5.1402399036
   -8    4   -1   0.8213492       -2.5095719031       -2.1858966391
   -4   -4   -1   0.8213492       -0.6382563367       -3.2663013233
   -7    2   -4   0.8234108       -3.5471052537       -4.3766828771
   -7    2    4   0.8234108       -1.7367743980       -4.4696487735
   -5   -2   -4   0.8234108       -2.0167666524       -5.2602252439
   -5   -2    4   0.8234108        4.7392174005       -0.7307334749
   -8    3    0   0.8245841       -2.6005629994       -7.0498932643
   -7    0    0   0.8245841        9.8516828300        0.0000000430
   -5   -3    0   0.8245841       -2.6005629096        7.0498933931
   -6    3   -6   0.8261516       -4.3711794756       -6.8270243338
   -3   -3   -6   0.8261516       -4.3711785267        6.8270241567
   -5    2   -7   0.8262505        1.7047653850        4.0938949375
   -5    2    7   0.8262505       -0.7049645743       -1.8838991952
   -3   -2   -7   0.8262505        2.6930348552        3.5233183840
   -3   -2    7   0.8262505        1.9839852831       -0.3314323188
   -8    3   -1   0.8297535       -1.7258844806       -1.1624143951
   -8    3    1   0.8297535       -0.2813706799       -0.1122845538
   -7    0   -1   0.8297535        5.7229469294        9.9124349837
   -7    0    1   0.8297535       -1.3443220154        2.3284337804
   -5   -3   -1   0.8297535       -0.1437378900       -2.0758668972
   -5   -3    1   0.8297535        0.2379267010        0.1875317143
    0    0   -9   0.8322853      -19.1524717269       -0.0000002186
   -6    2   -6   0.8345075        4.2362610735        5.4718848057
   -6    2    6   0.8345075        8.1203876724       -3.2644963410
   -4   -2   -6   0.8345075        4.2362616185       -5.4718852778
   -4   -2    6   0.8345075        8.1203871723        3.2644955344
   -8    4   -2   0.8368214       -5.0155263784        8.1557911356
   -4   -4   -2   0.8368214       -4.5553593263        8.4214689929
   -1    0   -9   0.8405802        5.8423592538       -0.0000011098
   -1    0    9   0.8405802        2.9058282332        0.0000015654
   -5    1   -7   0.8428775       -2.4444982724       -5.1935179127
   -5    1    7   0.8428775       -4.9418923456       -0.8242968367
   -4   -1   -7   0.8428775       -3.2754693916       -4.7137583926
   -4   -1    7   0.8428775        3.1848085386        3.8676576086
   -6    0   -5   0.8445963        4.8870296360       -8.4645829694
   -6    0    5   0.8445963        1.0930732380        1.8932565860
   -4    2   -8   0.8448865       -4.1305688160        0.3916555765
   -2   -2   -8   0.8448865        1.7260994693        3.7730045973
   -8    3   -2   0.8450718       -2.6644070094       -4.5475391835
   -8    3    2   0.8450718        2.6479389978        6.6579887878
   -7    0   -2   0.8450718       -0.4722692457        0.8179933656
   -7    0    2   0.8450718       -3.1188889462       -5.4020739949
   -5   -3   -2   0.8450718        5.2704880493        0.0336746845
   -5   -3    2   0.8450718        4.4420178911        5.6221766005
   -8    2    0   0.8494515        2.9430873430       -2.6017468851
   -6   -2    0   0.8494515        2.9430872529        2.6017468985
   -7    3   -5   0.8527715       -8.1770287447       -1.7826666160
   -7    3    5   0.8527715       -2.9970639815        0.8138221249
   -4   -3   -5   0.8527715        5.6323494725        6.1901803808
   -4   -3    5   0.8527715        2.2033223918       -2.1886222211
   -4    1   -8   0.8530589       -2.2404842613       -3.6361966022
   -4    1    8   0.8530589       -5.0053870314        4.8997369796
   -3   -1   -8   0.8530589        4.2692832009        0.1222170529
   -3   -1    8   0.8530589        6.7459912670       -1.8849251681
   -8    2   -1   0.8544705       -8.3664400485       -4.8635915361
   -8    2    1   0.8544705        4.2770532235       -5.0197836297
   -6   -2   -1   0.8544705       -0.0287736043       -9.6773453557
   -6   -2    1   0.8544705        2.2087333471       -6.2139287116
   -7    1   -4   0.8564523        0.3952490097        3.2161217162
   -7    1    4   0.8564523        6.3452849826       -4.4454508020
   -6   -1   -4   0.8564523        2.5876181963        1.9503571692
   -6   -1    4   0.8564523        0.6772306026       -7.7179035759
   -2    1   -9   0.8569292        5.3051186343       -0.9224058107
   -1   -1   -9   0.8569292        5.3051177841        0.9224066700
   -6    1   -6   0.8590877       -5.0260990329       -9.1872981495
   -6    1    6   0.8590877       -2.6124417422       -5.8783852574
   -5   -1   -6   0.8590877       -5.0260988505        9.1872971445
   -5   -1    6   0.8590877       -2.6124420296        5.8783862839
   -8    4   -3   0.8619914       -6.7576524046        2.3000557061
   -4   -4   -3   0.8619914       -6.7576526670       -2.3000561863
   -2    0   -9   0.8649879       -5.6165274329        0.0000002733
   -2    0    9   0.8649879       -9.3515847494       -0.0000009038
   -7    2   -5   0.8688912        0.3344288808        2.0252776306
   -7    2    5   0.8688912        3.9263447415        4.0830244578
   -5   -2   -5   0.8688912       -1.9211553969        0.7230149938
   -5   -2    5   0.8688912        1.5728296700        5.4418259277
   -8    2   -2   0.8693534       -5.7126528840        7.1282525268
   -8    2    2   0.8693534        3.1293917815       -2.1758791946
   -6   -2   -2   0.8693534       -3.3169213164        8.5114292483
   -6   -2    2   0.8693534       -3.4490629777        1.6221935799
   -8    3   -3   0.8700032        4.7064333010        4.5913987050
   -8    3    3   0.8700032        7.2507065091       12.9262768866
   -7    0   -3   0.8700032        2.6749582005       -0.0000002537
   -7    0    3   0.8700032        2.6264020238        0.0000000855
   -5   -3   -3   0.8700032        4.7064331778       -4.5913988011
   -5   -3    3   0.8700032        7.2507062676      -12.9262773977
   -5    0   -7   0.8751844        7.2140924567       12.4951745978
   -5    0    7   0.8751844       -0.8255903676        1.4299641256
   -4    0   -8   0.8771194       -6.2905264292       10.8955103011
   -4    0    8   0.8771194        1.1160173633        1.9330013911
   -3    1   -9   0.8887255       -1.2646500738        0.6394768262
   -3    1    9   0.8887255       -0.2801835681       -2.9182931663
   -2   -1   -9   0.8887255       -1.2646502366       -0.6394748706
   -2   -1    9   0.8887255       -0.2801832378        2.9182916620
   -8    1    0   0.8893534       -3.5056317903       -8.6331661694
   -7   -1    0   0.8893534       -3.5056317969        8.6331662169
   -6    3   -7   0.8908986       -0.6700105340        0.3065221200
   -3   -3   -7   0.8908986        0.6004616241       -0.4269849341
   -8    2   -3   0.8936075       -2.8343359782       -4.8062960862
   -8    2    3   0.8936075       -7.6948991432       -1.3815494156
   -6   -2   -3   0.8936075       -2.8343362136        4.8062960018
   -6   -2    3   0.8936075       -7.6948990771        1.3815500828
   -8    1   -1   0.8941484       -4.9597232851       -3.9795301661
   -8    1    1   0.8941484       -1.6272199475        5.1543128802
   -7   -1   -1   0.8941484       -0.9665125807       -6.2850118259
   -7   -1    1   0.8941484       -3.6501556993        3.9863698178
   -8    4   -4   0.8960425        7.4306501033       -0.1048663220
   -4   -4   -4   0.8960425       -3.8061405623        6.3826985916
   -6    0   -6   0.8985617        2.2192757984        0.0000002918
   -6    0    6   0.8985617       10.8053996183       -0.0000003659
   -6    2   -7   0.8986527       -2.1171398392       -2.3989355855
   -6    2    7   0.8986527        3.3521803466       -7.8385962384
   -4   -2   -7   0.8986527       -1.0189699976       -3.0329632434
   -4   -2    7   0.8986527        5.1123319277       -6.8223719035
   -7    1   -5   0.9002650       -4.3766348070        5.2554422534
   -7    1    5   0.9002650        0.5257134884       -3.2839704386
   -6   -1   -5   0.9002650       -2.3630289626        6.4179973442
   -6   -1    5   0.9002650       -3.1068590363       -1.1867031758
   -5    2   -8   0.9005373        0.9823192825        0.4525493667
   -5    2    8   0.9005373       -2.1133058239       -7.1359694265
   -3   -2   -8   0.9005373       -0.8830793663       -0.6244376309
   -3   -2    8   0.9005373       -5.1232768461       -5.3981610007
   -8    3   -4   0.9037524       -2.0583891593       -0.4254399669
   -8    3    4   0.9037524       -3.5831432274       -4.1288105663
   -7    0   -4   0.9037524       -5.7628388692       -9.9815289383
   -7    0    4   0.9037524        1.4255204094       -2.4690735009
   -5   -3   -4   0.9037524        0.6607521798       -1.9953368586
   -5   -3    4   0.9037524        5.3672256194        1.0386885435
   -3    0   -9   0.9042044        1.7439207618       -0.0000017551
   -3    0    9   0.9042044        5.1867721613        0.0000013852
   -7    3   -6   0.9062502       -4.3677610867        6.5382896402
   -7    3    6   0.9062502        2.7676133446        1.5483834249
   -4   -3   -6   0.9062502       -4.3677619741       -6.5382900087
   -4   -3    6   0.9062502        2.7676141672       -1.5483821131
   -8    1   -2   0.9083814       -0.7473210017       -1.4931181834
   -8    1    2   0.9083814       -2.5990210359       -0.0385723442
   -7   -1   -2   0.9083814        1.6667389508       -0.0993601600
   -7   -1    2   0.9083814        1.2661060390       -2.2701044435
   -5    1   -8   0.9158166        7.6860353133       -1.6508731559
   -5    1    8   0.9158166        2.3096862478        3.7580545003
   -4   -1   -8   0.9158166       -2.4133187211       -7.4817380418
   -4   -1    8   0.9158166        2.0997283430        3.8792736139
   -9    4    0   0.9200297        0.6981251781        1.1257749270
   -5   -4    0   0.9200297        0.6981252178       -1.1257749530
   -7    2   -6   0.9214348        2.9516556837        3.2238533963
   -7    2    6   0.9214348       -1.6493374623        0.2505727747
   -5   -2   -6   0.9214348        2.9516555677       -3.2238522336
   -5   -2    6   0.9214348       -1.6493383506       -0.2505733154
   -6    1   -7   0.9215235        0.5734613635       -0.8314465422
   -6    1    7   0.9215235        3.5385556090        6.8117322403
   -5   -1   -7   0.9215235       -1.0067833661        0.0809085610
   -5   -1    7   0.9215235       -7.6684103512        0.3413870315
   -9    4   -1   0.9246656        3.4228811416        8.5634469810
   -9    4    1   0.9246656        3.7947882325        4.6250602995
   -5   -4   -1   0.9246656        5.7047220043        7.2460255917
   -5   -4    1   0.9246656       -5.9028141702       -0.9738528718
    0    0  -10   0.9247614        0.0000015693       -0.0000000001
   -8    2   -4   0.9264973       -1.3076925438        0.9600103556
   -8    2    4   0.9264973       -2.4746928821        7.8342393523
   -6   -2   -4   0.9264973        1.4852405838       -0.6524903768
   -6   -2    4   0.9264973       -5.5473032056        6.0602669157
   -4    2   -9   0.9269382       -8.0292504086       -2.5962470120
   -2   -2   -9   0.9269382       -8.0292509143        2.5962480103
   -8    1   -3   0.9316201        1.8006225934        6.7750992519
   -8    1    3   0.9316201        5.5930600079        4.3355591791
   -7   -1   -3   0.9316201        1.8006218878       -6.7750990024
   -7   -1    3   0.9316201        5.5930602750       -4.3355594076
   -1    0  -10   0.9322339       -4.7019008822       -8.1439295361
   -1    0   10   0.9322339       -4.5574200896        7.8936845943
   -4    1   -9   0.9343933        4.3917486168        8.5187918411
   -4    1    9   0.9343933        4.8586484250        7.5228517866
   -3   -1   -9   0.9343933        4.3917489468       -8.5187906631
   -3   -1    9   0.9343933        4.8586483872       -7.5228525462
   -9    3    0   0.9349905        4.0318657146        4.7320709530
   -6   -3    0   0.9349905        4.0318656853       -4.7320709485
   -8    4   -5   0.9380078        3.0184931598       -4.7021551923
   -4   -4   -5   0.9380078        2.5629398641       -4.9651698713
   -9    4   -2   0.9384359        1.3963831970        2.2986688117
   -9    4    2   0.9384359       -5.4293676111       -5.9341615641
   -5   -4   -2   0.9384359       -2.6888973611       -0.0599690434
   -5   -4    2   0.9384359       -2.4244504751       -7.6690507617
   -9    3   -1   0.9395526       -0.1006949400       -1.0086301685
   -9    3    1   0.9395526       -2.7258616673        3.2778367862
   -6   -3   -1   0.9395526       -0.8231517284       -0.5915191797
   -6   -3    1   0.9395526       -1.4757592349        3.9995839342
   -8    0    0   0.9423819        5.3415120449        0.0000000261
   -8    3   -5   0.9453755        2.8081950411        2.9540224587
   -8    3    5   0.9453755        2.2512087566        1.6609516418
   -7    0   -5   0.9453755       -1.7440991380        3.0208689484
   -7    0    5   0.9453755        5.9608434961       10.3244840178
   -5   -3   -5   0.9453755       -3.9623574794       -0.9549565070
   -5   -3    5   0.9453755        0.3128212509        2.7800801481
   -5    0   -8   0.9456348        0.0826327880       -0.1431251590
   -5    0    8   0.9456348       -1.2941399702       -2.2415164349
   -8    0   -1   0.9469084        0.9214882989        1.5960646360
   -8    0    1   0.9469084        4.4693263755       -7.7411006668
   -2    1  -10   0.9470019        0.3924145708        2.2877017911
   -1   -1  -10   0.9470019        1.7849989028        1.4836914122
   -7    1   -6   0.9510769        1.6707609359        5.1891126913
   -7    1    6   0.9510769       -5.0755669149        3.4289433660
   -6   -1   -6   0.9510769        1.6707610589       -5.1891135375
   -6   -1    6   0.9510769       -5.0755652997       -3.4289425112
   -9    3   -2   0.9531079        7.5796784982       -1.0542275958
   -9    3    2   0.9531079       -3.2600488397        7.0924777511
   -6   -3   -2   0.9531079       -2.8768514760       -7.0913079193
   -6   -3    2   0.9531079        7.7722905889        0.7229537753
   -2    0  -10   0.9543002        0.7456081902        1.2914296208
   -2    0   10   0.9543002        1.9067242635       -3.3025422145
   -4    0   -9   0.9564098       -4.7306498570       -0.0000008227
   -4    0    9   0.9564098       -6.3902383054        0.0000009500
   -6    0   -7   0.9584295       -4.2445460837       -7.3517683153
   -6    0    7   0.9584295        1.5910415502       -2.7557658425
   -6    3   -8   0.9601968       -5.8658021176       -0.5077831297
   -3   -3   -8   0.9601968        3.3726557506        4.8260419437
   -8    0   -2   0.9603598       -1.4537873735        2.5180333894
   -8    0    2   0.9603598        0.7306790164        1.2655743849
   -9    4   -3   0.9609481       -2.3260778330       -3.6430216068
   -9    4    3   0.9609481        0.1246839589       -3.0818696583
   -5   -4   -3   0.9609481       -2.3260779462        3.6430213905
   -5   -4    3   0.9609481        0.1246845554        3.0818697300
   -8    1   -4   0.9632128        6.0168147096        0.0523877862
   -8    1    4   0.9632128       -5.2880911393       -4.5384076794
   -7   -1   -4   0.9632128       -2.9630386173        5.2369085914
   -7   -1    4   0.9632128        6.5744212641        2.3104173886
   -9    2    0   0.9642160       -0.3458048381        0.9396809819
   -7   -2    0   0.9642160       -0.3458048330       -0.9396810146
   -7    3   -7   0.9656414        2.5497369521       -4.6403238689
   -7    3    7   0.9656414       -7.9350918572        2.9318502357
   -4   -3   -7   0.9656414       -5.2935063453       -0.1120254868
   -4   -3    7   0.9656414        1.4284898122        8.3379161522
   -8    2   -5   0.9671421        1.9681181929       -6.9671598612
   -8    2    5   0.9671421        0.3701252452       -2.3453027987
   -6   -2   -5   0.9671421        5.0496791787       -5.1880203356
   -6   -2    5   0.9671421       -2.2161535668       -0.8521144908
   -6    2   -8   0.9673955       -1.0536039203        2.4019257678
   -6    2    8   0.9673955        4.3305323575       -1.8047243342
   -4   -2   -8   0.9673955       -1.5533279876        2.1134103724
   -4   -2    8   0.9673955       -3.7282057071        2.8479895611
   -9    2   -1   0.9686405        7.0955969274        5.0967784096
   -9    2    1   0.9686405        2.1184964976        5.6271668616
   -7   -2   -1   0.9686405        0.8661413157        8.6933567186
   -7   -2    1   0.9686405       -5.9325177590        0.9789118984
   -9    3   -3   0.9752814        4.3294105319       -1.8330449357
   -9    3    3   0.9752814        2.9067845906       -4.9755235079
   -6   -3   -3   0.9752814        4.3294111809        1.8330455387
   -6   -3    3   0.9752814        2.9067836356        4.9755230348
   -3    1  -10   0.9758677        4.9707613119        3.7333992200
   -3    1   10   0.9758677        5.9730885416       -0.8896201499
   -2   -1  -10   0.9758677        0.7478381280        6.1715072048
   -2   -1   10   0.9758677       -2.2161101500       -5.6176590076
   -5    2   -9   0.9779308        3.9795488903       -5.7221101258
   -5    2    9   0.9779308        3.1720837099       -5.7722627789
   -3   -2   -9   0.9779308        3.9795488543        5.7221089411
   -3   -2    9   0.9779308        3.1720835430        5.7722636104
   -7    2   -7   0.9799061        3.8717930901        9.7257840856
   -7    2    7   0.9799061        3.4373582656        3.9841005676
   -5   -2   -7   0.9799061        6.4868788412        8.2159636518
   -5   -2    7   0.9799061       -5.1690122363       -0.9847898881
   -9    2   -2   0.9817942       -0.9592859630       -7.0899605882
   -9    2    2   0.9817942       -2.0428789660       -2.9132373275
   -7   -2   -2   0.9817942        3.5590096024        0.2575157128
   -7   -2    2   0.9817942       -5.6054510617       -4.3905984684
   -8    0   -3   0.9823696        0.0363577135        0.0000000101
   -8    0    3   0.9823696       -3.1065397856        0.0000001809
   -8    4   -6   0.9868783        4.7071625762       -0.3003684303
   -4   -4   -6   0.9868783        4.7071635694        0.3003681586
   -6    1   -8   0.9886774       -5.7561747161       -8.4873357899
   -6    1    8   0.9886774       -1.3802210211       -0.6029372545
   -5   -1   -8   0.9886774       10.2283362900        0.7413253547
   -5   -1    8   0.9886774        0.1679533192       -1.4967747073
   -3    0  -10   0.9899851       -4.7460001420       -8.2203150882
   -3    0   10   0.9899851        0.9100974302       -1.5763341237
   -9    4   -4   0.9916068       -3.9540739221       -7.8975323681
   -9    4    4   0.9916068       -2.2527038121       -3.8013661451
   -5   -4   -4   0.9916068       -2.2026998696       -3.9107977262
   -5   -4    4   0.9916068        8.7467334939       -0.5220272822
   -5    1   -9   0.9920188        1.1189087110       -3.1817542324
   -5    1    9   0.9920188       -0.9592843982        0.8919409515
   -4   -1   -9   0.9920188        1.1189093126        3.1817554721
   -4   -1    9   0.9920188       -0.9592855316       -0.8919427922
   -8    3   -6   0.9938839       -2.8710409131       -2.0188981745
   -8    3    6   0.9938839       -0.2018228443       -0.0037783223
   -7    0   -6   0.9938839       -0.2438221872       -0.0000007013
   -7    0    6   0.9938839       -5.8084305831       11.6821859712
   -5   -3   -6   0.9938839       -2.8710415530        2.0188983183
   -5   -3    6   0.9938839       -5.7783491212      -11.6784081561
