   -4   -1  -21   0.9342403       86.9502952348
   -8   -3  -18   0.9345275       18.3678660803
   -7   -5  -18   0.9346270      100.9435781011
  -15   -1    0   0.9347369      126.5214156082
   -3   -7  -19   0.9348074       78.9158205143
  -13   -6   -7   0.9349713       17.5316008792
  -10   -7  -13   0.9350376      -64.4734825810
   -8  -10  -12   0.9353093       89.6357447035
   -3   -3  -21   0.9353243     -100.3095623772
   -9   -3  -17   0.9354203      -31.6452350070
  -13    0  -11   0.9354365      145.5259540725
   -6   -1  -20   0.9354637      -54.6719587579
  -14    0   -8   0.9354725      166.4285433098
   -5  -14   -6   0.9356480       10.6158673953
  -15   -1   -1   0.9357156       10.3279704096
  -10   -6  -14   0.9361838      160.6460243264
   -2  -14   -9   0.9362720     -145.9218597125
  -11  -10   -5   0.9366891      -30.5340864388
  -15    0   -2   0.9367062        0.0000021504
  -13   -7   -5   0.9367595      -48.5979432867
  -14   -5   -4   0.9371050      -84.0198233883
    0  -13  -12   0.9371578        0.0000023352
   -8  -13   -3   0.9373515       31.4975880627
   -2   -6  -20   0.9373587      132.9784158609
  -12   -4  -12   0.9373688      145.4058323072
  -13   -1  -11   0.9373785      -40.8491777322
  -14   -1   -8   0.9374144      -21.0389683392
  -12   -8   -7   0.9377265      -58.9865572715
   -2  -15   -5   0.9378516       64.7576802465
  -11   -9   -8   0.9379106      146.5916001455
  -11    0  -15   0.9379783       92.4725905136
   -4  -15    0   0.9381928       36.0123871238
  -14   -3   -7   0.9382873       54.1373098391
  -12   -9   -4   0.9384832      -54.4501627753
  -12   -2  -13   0.9384993       37.0432631748
   -2   -4  -21   0.9385922      120.8917155434
  -15   -1   -2   0.9386456       84.3606922557
   -6  -14   -4   0.9388095      115.7018030419
   -4  -15   -1   0.9391679       24.0729627501
  -14   -4   -6   0.9391722      105.4119269876
   -1  -13  -12   0.9392188      170.3227314079
   -3  -15   -4   0.9393752      161.1764798899
    0  -12  -14   0.9394308      210.0190498916
   -9  -12   -5   0.9395383      -31.2589127208
   -7   -3  -19   0.9397166       18.3118414328
  -10   -8  -12   0.9397264      103.7153019168
  -12   -7   -9   0.9398695     -125.4706628301
  -11   -1  -15   0.9399150       13.4626165164
   -4   -2  -21   0.9400617       55.3245709953
  -11   -8  -10   0.9400789      -39.0342806004
   -5  -12  -12   0.9402214       -6.5167045060
    0  -15   -6   0.9403371       -0.0000005224
   -6  -12  -11   0.9404523       26.4299187973
  -15   -2    0   0.9405553       45.4526708285
  -11   -4  -14   0.9406957     -123.8639226379
   -4   -5  -20   0.9407652      -15.0504205473
   -4   -9  -17   0.9410188       19.2280328856
   -6   -2  -20   0.9412775      164.0808002369
    0    0  -22   0.9412811       -4.6592162279
  -13   -8    0   0.9414398      -13.6908527049
   -1  -12  -14   0.9414867       29.7018274619
  -15   -2   -1   0.9415279      -81.6527789279
  -15    0   -3   0.9415793       98.9750556465
   -3  -11  -15   0.9416845      -34.4002673274
   -5   -4  -20   0.9418650       40.8571098829
   -4  -15   -2   0.9420871      -66.8026979351
    0   -9  -18   0.9421857       -0.0000019551
   -4   -8  -18   0.9422090      202.6059687701
  -10   -3  -16   0.9423779      -55.7780782347
   -1  -15   -6   0.9423911      114.8270010917
  -13   -8   -1   0.9424115       20.3065378896
   -8  -12   -8   0.9425418       56.2658508484
   -5   -6  -19   0.9425799      -51.1220746489
   -6  -11  -13   0.9426917       -2.1034609271
  -14   -6    0   0.9428062      145.0626430398
  -10   -5  -15   0.9431437       29.1205230173
  -13   -2  -11   0.9431805       65.1697850932
    0   -1  -22   0.9432111       -0.0000088187
  -14   -2   -8   0.9432162      163.7100336537
   -1    0  -22   0.9433331        0.0000031208
  -15   -1   -3   0.9435086       48.7457847202
  -14   -6   -1   0.9437765        5.9631208320
   -7   -8  -16   0.9438703       -4.7862686630
   -6   -5  -19   0.9439214      -75.7166735228
   -8  -13   -4   0.9441621       73.7402907252
   -1   -9  -18   0.9442357       28.9302055109
   -4  -14   -8   0.9443994      127.6748311020
  -15   -2   -2   0.9444398      -42.2402274687
   -8   -8  -15   0.9445364      -41.8106240582
  -10  -11   -6   0.9448237      -20.8830465377
  -13   -5   -9   0.9448509      -30.8386997196
    0  -10  -17   0.9448526      -30.4133314119
   -7  -11  -12   0.9450793      139.2704107158
   -1   -1  -22   0.9452589      161.9430784619
    0   -8  -19   0.9453129      -54.1329710343
  -13   -8   -2   0.9453207      -44.2279936117
   -2  -13  -12   0.9453746       55.0423417849
   -7  -13   -7   0.9454340      -29.6239745464
   -4  -10  -16   0.9456269       38.2913953572
   -8   -7  -16   0.9456966      -12.1488578266
  -11   -2  -15   0.9457015       88.6442013649
   -5  -13  -10   0.9457250       89.8738518886
  -14   -5   -5   0.9458547     -105.0401275608
  -13   -4  -10   0.9459341      -42.3884560234
   -4  -12  -13   0.9460325      -59.9645645509
   -5  -11  -14   0.9463381       93.0609172287
    0  -14  -10   0.9465296       78.8325560220
   -3  -14   -9   0.9465415       50.3599272061
   -7   -9  -15   0.9465580       -2.7100933793
  -14   -6   -2   0.9466815      118.8250009198
   -7  -12  -10   0.9467208       34.8974933911
   -1  -10  -17   0.9468968       43.8124466635
   -4  -15   -3   0.9469325      -81.2006901379
   -7   -7  -17   0.9469664      -20.2038135702
  -12   -9   -5   0.9472202      -84.8559430237
   -1   -8  -19   0.9473561      -57.0220410095
  -11  -10   -6   0.9473770       25.3851286454
  -13   -7   -6   0.9474466       83.2841477384
   -6  -14   -5   0.9475435      -28.3238455048
   -3   -6  -20   0.9476164        2.4083235142
   -2  -12  -14   0.9476279       93.6787236260
   -4  -13  -11   0.9476468       17.5492600429
    0   -5  -21   0.9477448       -0.0000004176
   -9  -10  -11   0.9478609       12.5181423961
  -10  -10   -9   0.9479932       -5.6559037807
   -8   -4  -18   0.9480510      173.3212634234
   -3  -15   -5   0.9481039       45.1102338792
  -12   -3  -13   0.9481382      -20.0880027135
   -5  -14   -7   0.9482800      -29.5771255029
  -15    0   -4   0.9483595       -0.0000132294
   -2  -15   -6   0.9485263      -27.4660629837
   -1  -14  -10   0.9485702      -31.4559028732
   -3   -4  -21   0.9488365       15.2018773651
   -9   -4  -17   0.9489312      -31.0924155228
    0   -2  -22   0.9489775       43.5654000492
   -8   -9  -14   0.9491529      -35.1145866484
   -4   -7  -19   0.9491757      -61.5144249937
   -6   -8  -17   0.9492253       31.2308854459
  -15   -2   -3   0.9492732       79.2752829873
   -2    0  -22   0.9494623       38.9151993189
   -9  -11   -9   0.9495231       66.2459003924
  -13   -6   -8   0.9495422       49.8212601943
   -4   -3  -21   0.9496848        0.0228445614
   -1   -5  -21   0.9497828      -83.6694261094
   -6  -13   -9   0.9498170      -38.1865488993
   -7  -14    0   0.9499189        7.1425150398
   -6   -9  -16   0.9499729       74.6357796934
  -13   -8   -3   0.9501496      -45.7195662989
  -10   -9  -11   0.9501640       80.3841674627
  -15   -3    0   0.9501733      213.8528215918
   -9  -12   -6   0.9501941       59.9794301379
  -15   -1   -4   0.9502751      132.0122806883
   -2   -9  -18   0.9503590       26.8647601677
   -9   -7  -15   0.9504389       23.2692071444
   -5    0  -21   0.9507743        2.6934142427
   -7  -14   -1   0.9508820       10.7576518485
   -6   -3  -20   0.9508883       -2.2063797515
   -1   -2  -22   0.9510128        3.5877046061
  -15   -3   -1   0.9511362      -23.6885799503
   -9   -8  -14   0.9512109       27.9237355355
   -2   -1  -22   0.9513756       -6.4796447034
  -14   -6   -3   0.9515035      -22.4666648373
  -14   -4   -7   0.9517575        6.6269134826
  -14    0   -9   0.9519606       -0.0000075184
   -9    0  -18   0.9520236       -0.0000024503
  -12   -8   -8   0.9522552       88.6395598470
   -8   -6  -17   0.9526124       39.2621716475
   -5   -1  -21   0.9526850      -89.4668943750
  -13   -3  -11   0.9527721       53.3828210334
  -14   -3   -8   0.9528075      -68.3918445452
   -8  -13   -5   0.9528470       13.0167625609
  -11  -11    0   0.9528899      135.5918758118
    0  -15   -7   0.9529069       -0.0000013701
   -2  -10  -17   0.9530031      -31.5438970346
  -11   -6  -13   0.9530073      -12.1891851367
   -8    0  -19   0.9530690        0.0000069834
   -7   -4  -19   0.9531666        3.2064994135
    0  -11  -16   0.9532651        0.0000063561
   -8  -11  -11   0.9534555       33.6121918626
   -2   -8  -19   0.9534594        7.2726113557
  -12   -6  -11   0.9535708       17.1617462221
   -4  -15   -4   0.9536747       40.5264357308
   -7  -14   -2   0.9537653       71.7415477178
  -11   -7  -12   0.9538025      115.0425476900
  -11  -11   -1   0.9538500       35.2351135532
  -14   -1   -9   0.9538689       13.3068511388
   -9   -1  -18   0.9539318      215.7496025463
  -15   -3   -2   0.9540188      156.8523046460
  -10  -12    0   0.9541709        1.7147802729
    0   -7  -20   0.9541774        0.0000016418
   -6   -7  -18   0.9542244      -13.6794294634
  -11   -9   -9   0.9543566      -18.6080958606
   -2  -14  -10   0.9546657      118.2626788987
  -12   -5  -12   0.9546694      -78.3946825204
   -1  -15   -7   0.9549339      -41.0359324731
   -8   -1  -19   0.9549751      -44.0751448844
   -7  -10  -14   0.9549808        7.6590367044
  -10  -12   -1   0.9551296      -23.5202925968
  -11   -3  -15   0.9552678       27.2449299054
   -1  -11  -16   0.9552913      224.0147969162
   -9   -6  -16   0.9554063      -24.8363151267
   -3  -13  -12   0.9555463      197.2774348600
  -10   -4  -16   0.9557905       76.3347875244
   -7   -6  -18   0.9557903       -6.9032854211
   -2   -5  -21   0.9558706      -17.4970619001
   -4  -11  -15   0.9559494      -11.5494308660
  -15   -2   -4   0.9559989       44.4275869587
   -1   -7  -20   0.9562016      199.5836072325
  -14   -5   -6   0.9564402       77.2092232051
   -6  -10  -15   0.9564536        1.7925799288
   -5  -15    0   0.9565613       19.1960128637
  -11  -11   -2   0.9567244      108.5169392791
  -13   -8   -4   0.9568691       -3.8502503428
  -12    0  -14   0.9569007      161.4403384683
  -10    0  -17   0.9569497       -0.0000016871
  -15    0   -5   0.9570063      -93.6492930536
   -2   -2  -22   0.9570928       29.0948302346
  -10  -11   -7   0.9573347       70.7197568465
   -5  -15   -1   0.9575177       73.4634640763
  -13    0  -12   0.9576770       -0.0000237656
   -9   -9  -13   0.9577085        0.2389729858
   -3  -12  -14   0.9577756      -22.0880676909
  -12   -9   -6   0.9577905        9.1173297232
  -11   -5  -14   0.9579362      166.8758265714
  -10  -12   -2   0.9580002      115.1692913695
   -6  -14   -6   0.9581103      150.1141172317
  -12   -7  -10   0.9581942       49.1656718726
  -14   -6   -4   0.9582135      141.3674814135
   -5   -2  -21   0.9583944       11.2509821626
    0   -3  -22   0.9585111       -0.0000017671
   -7  -14   -3   0.9585517      -28.5697283361
   -3  -15   -6   0.9586645      156.5772337589
  -12   -1  -14   0.9587993      -19.7836607762
  -15   -3   -3   0.9588038      -14.1639904274
  -10   -1  -17   0.9588481       33.8768338564
  -15   -1   -5   0.9589046       58.3510548463
   -8  -12   -9   0.9589083        6.3865702306
   -5   -5  -20   0.9590845      166.7273228955
   -5   -9  -17   0.9593332       19.8210360963
  -12  -10    0   0.9594606       27.6681030225
   -8  -10  -13   0.9594626       10.2921624058
  -14   -2   -9   0.9595713       -2.6557578400
  -13   -1  -12   0.9595740       94.9756594697
   -3    0  -22   0.9595906       -0.0000093178
   -9   -2  -18   0.9596338      -69.9434705346
   -7  -13   -8   0.9598460      119.8581430463
  -11  -10   -7   0.9598547     -104.8306495706
  -13   -7   -7   0.9599233      -12.3833305378
   -7    0  -20   0.9600664        0.0000111758
  -11   -8  -11   0.9603077       15.5801466092
   -5  -15   -2   0.9603812       85.6434063793
  -12  -10   -1   0.9604141       -1.5666500644
   -3   -9  -18   0.9604779       16.6508171258
   -5   -8  -18   0.9605007      -27.8634702772
   -1   -3  -22   0.9605262      124.5056590086
   -8   -2  -19   0.9606709      -61.0845947139
   -4  -14   -9   0.9607343      -50.3373555589
   -2  -15   -7   0.9609891       19.8319858904
  -10   -7  -14   0.9611043       50.8400884867
    0  -13  -13   0.9612647        0.0000079135
   -2  -11  -16   0.9613443      -24.6024135724
  -12   -4  -13   0.9614704        4.5534943552
   -3   -1  -22   0.9614838      171.3064865670
  -11  -11   -3   0.9614960      -15.0575615479
   -4   -6  -20   0.9617934       95.0230328371
   -7   -1  -20   0.9619587       25.6117936064
   -2   -7  -20   0.9622488      -14.9137320722
   -4  -15   -5   0.9622737      -23.5252849529
   -6  -12  -12   0.9625769       82.4047791440
   -9  -12   -7   0.9626352      -92.8092292828
   -5  -14   -8   0.9626495      -10.9213471411
  -10  -12   -3   0.9627655       -3.1962085874
   -4   -4  -21   0.9629956       46.3775957183
  -13   -5  -10   0.9630808       86.3590115058
   -3  -10  -17   0.9630942       37.0412894625
  -12  -10   -2   0.9632690      105.8471800457
   -9  -13    0   0.9632721      126.0827714138
   -1  -13  -13   0.9632740       39.8935069804
   -8  -13   -6   0.9633556      -39.4227009231
  -15   -4    0   0.9634774       63.9904362284
   -3   -8  -19   0.9635457      -28.8323459735
  -10   -8  -13   0.9637690       54.9625157331
   -5  -10  -16   0.9638538        9.3842736820
  -10   -6  -15   0.9641200      -53.5030364375
   -6   -4  -20   0.9641824      109.2790706680
   -9  -13   -1   0.9642218       63.7197701897
   -5  -12  -13   0.9642517       51.8644967362
  -15   -4   -1   0.9644269      -38.5360484498
  -12   -2  -14   0.9644725       59.3882014171
  -10   -2  -17   0.9645210       43.6759974600
  -15   -2   -5   0.9645772      -81.4750357383
   -3  -14  -10   0.9647394       16.9155123842
   -6   -6  -19   0.9648808      -46.4363773630
    0  -16    0   0.9649250      204.7687286121
   -5  -15   -3   0.9651347      -60.2390252164
   -8   -5  -18   0.9651601       51.8054570679
   -7  -14   -4   0.9652127       -6.0729635305
  -13   -2  -12   0.9652426       20.6345027596
  -13   -8   -5   0.9654397       -0.4092511590
  -15   -3   -4   0.9654631      191.3911235223
  -13   -6   -9   0.9657901        2.8007241621
   -5  -13  -11   0.9658356     -112.1886240728
    0  -16   -1   0.9658731     -100.0033262453
   -3   -5  -21   0.9659317      -69.7963713099
   -9   -5  -17   0.9660247      -39.7422958024
  -13   -4  -11   0.9660403       65.2168621391
  -14   -4   -8   0.9660752      148.5432583595
  -10  -10  -10   0.9661638      159.7048320206
   -2   -3  -22   0.9665464       14.2412726283
    0  -14  -11   0.9666234      149.5669071813
  -14   -6   -5   0.9667722       -7.5691171524
   -7  -12  -11   0.9668106      -11.6522105052
   -1  -16    0   0.9669268      -68.8526750497
   -9  -13   -2   0.9670654      152.8382265595
   -3   -2  -22   0.9671412      -21.6911991010
    0  -15   -8   0.9672076        0.0000072219
  -15   -4   -2   0.9672699      -68.7588226995
    0  -12  -15   0.9672733       74.8419155540
   -5   -7  -19   0.9673357       16.3960819722
  -15    0   -6   0.9674697        0.0000113593
  -14   -7    0   0.9675562      -98.4964521792
   -7   -2  -20   0.9676133       45.2896327888
   -9  -11  -10   0.9676650      117.5243288269
  -11    0  -16   0.9677561        0.0000019839
   -5   -3  -21   0.9678352       -9.8036557979
   -1  -16   -1   0.9678729        4.8114512650
   -6  -13  -10   0.9679534      -30.1883529005
  -12  -10   -3   0.9680083        8.3261955629
  -11  -11   -4   0.9681368      135.1824898969
  -12   -8   -9   0.9684576      -23.6425695665
  -14   -7   -1   0.9685017      -67.8172457615
  -11   -4  -15   0.9685018       44.1084443909
   -6  -11  -14   0.9685524     -104.5579067656
   -1  -14  -11   0.9686217      -39.3963630300
    0   -6  -21   0.9686215      123.6967239406
    0  -16   -2   0.9687119       57.4322426345
  -14   -5   -7   0.9688011      -33.7722608680
   -7  -11  -13   0.9689891       18.4683520172
  -14   -3   -9   0.9690006       61.6777007209
   -9   -3  -18   0.9690625      171.9978518273
   -1  -15   -8   0.9692047      129.7219851891
   -1  -12  -15   0.9692702      -11.0617305510
   -2  -13  -13   0.9692771        2.1879199491
  -15   -1   -6   0.9693476       95.7470103902
  -10  -12   -4   0.9693976       23.8294317746
   -4  -13  -12   0.9696073        6.5049331465
  -11   -1  -16   0.9696334       76.4287201810
   -9  -10  -12   0.9698166      -24.2593558460
  -14    0  -10   0.9700569       76.3570517674
   -8   -3  -19   0.9700896      -54.7809740345
  -12   -9   -7   0.9701343      120.2723150795
   -7   -5  -19   0.9701855       52.3671779155
   -6  -14   -7   0.9704499       67.9896761379
   -1   -6  -21   0.9706156       31.6279181860
   -1  -16   -2   0.9707058      -71.0074023528
   -3  -15   -7   0.9709972      -69.0116540379
  -14   -7   -2   0.9713328       26.7872641735
   -3  -11  -16   0.9713487      188.3176471932
  -10  -11   -8   0.9715702       20.0966235624
    0   -4  -22   0.9717009       63.7398105942
   -5  -15   -4   0.9717506       42.9042762536
   -9  -13   -3   0.9717862      -75.8167701809
   -4  -12  -14   0.9718043      184.6530592103
  -14   -1  -10   0.9719297       56.7997018780
  -15   -4   -3   0.9719897       39.0173891871
  -10   -9  -12   0.9720676      -17.6051236880
   -3   -7  -20   0.9722439      220.5440180560
  -11   -9  -10   0.9724083      111.1503831031
   -4  -15   -6   0.9726805      -55.7392972940
  -10   -5  -16   0.9727634      -64.1043679874
   -6    0  -21   0.9728873        0.0000099972
   -2  -16    0   0.9729073      183.0143714805
    0  -16   -3   0.9734247       39.9693279594
   -4    0  -22   0.9735932       48.5929682043
   -1   -4  -22   0.9736888      -24.3479804579
   -7  -14   -5   0.9737099       -4.2280519756
  -13   -9    0   0.9737240      181.5391755809
   -2  -16   -1   0.9738476      -63.2025711330
  -12   -3  -14   0.9738544       89.2033571783
  -10   -3  -17   0.9739024        8.9091650807
  -15   -3   -5   0.9739581      -54.0468402439
   -5  -11  -15   0.9739831      -33.8595269981
  -11  -10   -8   0.9740534      -27.5897792748
   -8   -8  -16   0.9741137       -4.9722774618
  -13   -7   -8   0.9741210      150.9842850987
   -4   -9  -18   0.9744677      -69.3501186306
   -2  -14  -11   0.9745918       46.7404014981
  -12  -10   -4   0.9746047       46.4127113804
  -13   -3  -12   0.9746171      156.0329333324
  -13   -9   -1   0.9746636        5.7623807599
   -6   -1  -21   0.9747548       47.0492975462
  -15   -2   -6   0.9749594      -42.2284174401
   -2  -15   -8   0.9751713       29.4181272222
   -2  -12  -15   0.9752363       72.6686592178
  -11   -2  -16   0.9752435       76.5077351441
   -8  -11  -12   0.9752852       61.9314941010
   -7   -8  -17   0.9753466       46.5521950469
  -12   -6  -12   0.9753979      114.1837777080
   -1  -16   -3   0.9754090       -9.6000589129
   -4   -1  -22   0.9754592       22.4747114788
   -8  -13   -7   0.9756289       42.8284054416
  -13   -8   -6   0.9758127      -26.2461836956
   -7  -13   -9   0.9759224      116.0212424652
  -14   -7   -3   0.9760330      116.6406261351
   -7   -9  -16   0.9760741      124.1256608646
   -3   -3  -22   0.9764975      155.5047906171
   -2   -6  -21   0.9765736        2.2633273847
  -11  -11   -5   0.9766085       50.8296414081
   -2  -16   -2   0.9766632       54.4935984322
   -8   -9  -15   0.9767182       43.8675431531
   -9  -12   -8   0.9767935      -49.6519529689
   -8  -12  -10   0.9768759      163.3416338253
   -7   -3  -20   0.9769651       87.9207515632
   -4  -10  -17   0.9770466      -14.5829082654
   -8   -7  -17   0.9771140      -42.8236103785
  -14   -6   -6   0.9771311      113.0063389461
    0   -9  -19   0.9774692        0.0000115293
  -13   -9   -2   0.9774768      117.7175379375
   -4   -8  -19   0.9774917      -39.1971410880
  -11   -7  -13   0.9774990      -13.4129269109
  -14   -2  -10   0.9775267       97.2489504700
  -10  -12   -5   0.9778584      -45.0733418377
  -12   -7  -11   0.9780484       50.4465255832
    0  -10  -18   0.9781705       95.4551186746
  -12   -5  -13   0.9783448      -21.7353352581
   -9  -13   -4   0.9783571      119.7287280956
   -6  -15    0   0.9785436       71.4651387055
  -15   -4   -4   0.9785592       64.1274858682
  -11   -6  -14   0.9785954       19.3374792006
   -4  -14  -10   0.9786684      117.0366039832
   -5  -14   -9   0.9786798       29.3844785967
   -9   -8  -15   0.9787183      -44.7231615635
   -3  -13  -13   0.9792005       77.4046513481
   -1   -9  -19   0.9794453       37.5052389432
   -6  -15   -1   0.9794786       49.0398726996
   -2   -4  -22   0.9796280       84.7805750408
  -15    0   -7   0.9796915       96.8923820348
   -5   -6  -20   0.9797195       39.5140548151
   -9   -7  -16   0.9798381      103.1196137482
   -4   -5  -21   0.9798437       99.8245732721
   -8  -14    0   0.9799757       62.1636004628
    0  -16   -4   0.9799846      199.9054727236
   -1  -10  -18   0.9801452        3.9747055293
   -5  -15   -5   0.9801911       82.6037361132
   -7   -7  -18   0.9802124      159.5774293597
  -15   -5    0   0.9803172       78.4160753953
   -6   -2  -21   0.9803356       52.9460586393
   -5   -4  -21   0.9808997       27.6958418854
   -8  -14   -1   0.9809092      -40.5936648581
   -6   -5  -20   0.9810102      -35.0620128855
   -4   -2  -22   0.9810361       72.0319922742
  -15   -5   -1   0.9812505      -16.7528571633
   -6   -9  -17   0.9812534      -22.0684027040
  -13    0  -13   0.9812799      -85.6971744125
   -2  -16   -3   0.9813379      110.2177996565
  -15   -1   -7   0.9815460       76.6907306083
   -1  -16   -4   0.9819557      -45.0434038917
  -11   -8  -12   0.9819851      -21.4406845873
  -14   -4   -9   0.9820496       32.1116872077
   -9   -4  -18   0.9821107        6.8335291040
  -13   -9   -3   0.9821476       38.3385694580
   -6  -15   -2   0.9822780      -42.0011829673
    0   -8  -20   0.9823492      125.9220824503
   -7  -10  -15   0.9823827      -63.5135839994
   -6   -8  -18   0.9823949      215.7411146330
  -14   -7   -4   0.9825755      -85.5225563477
   -3  -16    0   0.9827940       51.3281378029
  -13   -5  -11   0.9828363       22.0831893381
  -14   -5   -8   0.9828706      -77.0768112153
  -12  -10   -5   0.9830207        3.9494478806
   -8   -4  -19   0.9831241      -19.4418360736
  -13   -1  -13   0.9831313      -36.3365858946
    0  -15   -9   0.9831637        0.0000181152
   -9   -9  -14   0.9831743      117.8870186447
  -13   -6  -10   0.9836320      -70.1096932490
   -8  -14   -2   0.9837046      124.9610374046
   -3  -16   -1   0.9837249       13.2403553999
   -7  -14   -6   0.9839957       46.8886631891
  -15   -5   -2   0.9840449       22.5721719109
    0    0  -23   0.9840667        0.0000116937
  -12   -9   -8   0.9841847      -20.5123676738
  -15   -3   -6   0.9842413      118.2022102223
  -12    0  -15   0.9842492       -0.0000090285
   -1   -8  -20   0.9843155      -20.5174066124
    0  -11  -17   0.9844411       -0.0000070650
   -3  -14  -11   0.9844616      -10.3435890640
   -6  -14   -8   0.9844958      102.2144398317
  -11   -3  -16   0.9845228       63.4954465123
   -4  -15   -7   0.9848376     -106.9747621104
   -8  -10  -14   0.9848831      266.1861175710
   -3  -15   -8   0.9850353      108.9118719666
   -3  -12  -15   0.9850997      -44.8346441335
   -1  -15   -9   0.9851284       50.2724421653
   -4  -11  -16   0.9851842      103.3703201010
  -11   -5  -15   0.9852558       31.6502614457
   -2   -9  -19   0.9853499      -22.8641046975
   -8   -6  -18   0.9856680      193.1383806946
   -6  -10  -16   0.9856734       17.6290869681
  -10  -10  -11   0.9858576      -13.1695669736
    0   -1  -23   0.9859129        0.0000024742
   -1    0  -23   0.9860296       64.6515820290
   -2  -10  -18   0.9860456      219.2218245500
   -6  -12  -13   0.9860626      -39.4429636066
   -4   -7  -20   0.9860669       14.5749777119
  -12   -1  -15   0.9860950      -23.8565952537
  -12   -8  -10   0.9862512      136.3438338011
   -1  -11  -17   0.9864032       12.9365563611
   -3   -6  -21   0.9864236       32.4391699101
   -3  -16   -2   0.9865123       32.7983415935
   -9   -6  -17   0.9865146        9.1333915507
    0  -13  -14   0.9866387       -0.0000123805
   -9  -13   -5   0.9867411       52.2116388784
  -14   -3  -10   0.9867845       43.3923369327
  -12   -4  -14   0.9868392      143.2699510026
  -11  -11   -6   0.9868641      107.6069603088
  -10   -4  -17   0.9868866       24.1698784487
   -6  -15   -3   0.9869261        5.5566339148
  -15   -4   -5   0.9869415      -37.0458029912
   -9    0  -19   0.9869554       15.3767397117
  -15   -2   -7   0.9870884       75.7912387101
   -9  -11  -11   0.9873287      -26.2379163044
   -5  -13  -12   0.9873916       94.8081674547
  -10  -11   -9   0.9874557      -69.4593033313
  -13   -4  -12   0.9875919       89.8366396864
   -6  -13  -11   0.9876115      -48.7827160881
   -2  -16   -4   0.9878452      182.2541843238
   -1   -1  -23   0.9878721        2.9540888453
  -13   -8   -7   0.9879313      -57.6967803669
  -10  -12   -6   0.9881010      151.5923928009
    0  -14  -12   0.9881623      122.7300529387
  -10   -7  -15   0.9883364       62.2988311642
   -8  -14   -3   0.9883460       -1.3740150463
   -7  -12  -12   0.9883454       -9.4301744379
    0  -16   -5   0.9883548     -146.6599387489
    0   -5  -22   0.9884007       -0.0000021238
   -1  -13  -14   0.9885965       53.7255212209
  -13   -9   -4   0.9886496      170.6391528689
  -13   -2  -13   0.9886649     -106.4801451930
  -15   -5   -3   0.9886846       20.8073422153
   -9   -1  -19   0.9887963        0.0045927543
  -10   -8  -14   0.9890788      241.3872673962
   -6   -7  -19   0.9890786       41.1854556277
  -14   -6   -7   0.9892335      -30.1665106041
   -3   -4  -22   0.9894476      -17.0935870208
   -5  -12  -14   0.9895491        6.0207812762
   -6   -3  -21   0.9895671      100.1229509922
   -8  -13   -8   0.9896013       47.4384698702
  -14    0  -11   0.9896731       -0.0000125078
   -8    0  -20   0.9898151      173.4708411855
  -10    0  -18   0.9898604       45.6529543097
  -11  -10   -9   0.9898991      -35.0459380328
   -7   -4  -20   0.9899091       21.8477678044
  -13   -7   -9   0.9899657      -49.5100499061
   -1  -14  -12   0.9901170      -46.1874855040
   -2   -8  -20   0.9901910       57.5516092623
   -4   -3  -22   0.9902611        7.4503222557
   -1  -16   -5   0.9903092        0.6626881045
   -1   -5  -22   0.9903550       85.4409126498
   -5  -15   -6   0.9904096      126.3988210948
   -7   -6  -19   0.9905893      -29.5818440204
  -14   -7   -5   0.9909238      -26.0853351894
   -2  -15   -9   0.9909991       65.7208439180
   -3  -16   -3   0.9911405      -10.1717988597
   -5    0  -22   0.9913060       -0.0000080393
    0   -2  -23   0.9914309        1.0227539752
  -14   -1  -11   0.9915089      -51.0122217669
  -12   -2  -15   0.9916121      -16.7771711312
   -8   -1  -20   0.9916506        8.0673684747
  -10   -1  -18   0.9916959       21.7925976304
   -2    0  -23   0.9918949        0.0000103156
  -11   -9  -11   0.9919781      -21.6227887938
   -5   -9  -18   0.9921649       96.3981319625
   -2  -11  -17   0.9922664        8.4902664516
   -9  -12   -9   0.9925955      -35.7404727220
    0   -7  -21   0.9927281       -0.0000082884
   -4  -13  -13   0.9929266       44.5370725332
  -10   -6  -16   0.9931143       57.7628102559
   -9  -10  -13   0.9931310       77.9432940944
   -5   -1  -22   0.9931388      198.5666534235
  -12  -10   -6   0.9932101      137.5074082135
   -1   -2  -23   0.9933793      -67.0607349704
   -6  -15   -4   0.9933968       65.7340101657
   -7  -13  -10   0.9935824      147.8066026456
  -15    0   -8   0.9936068       -0.0000054459
   -2   -1  -23   0.9937266      -51.4445413890
   -7  -11  -14   0.9941660       92.8507261996
   -9   -2  -19   0.9942983       91.2999189836
   -2  -13  -14   0.9944468        3.3913833644
   -1   -7  -21   0.9946739      -72.7842807320
   -5  -10  -17   0.9946979       63.4107535287
   -8  -14   -4   0.9948075       71.0628014911
  -16    0    0   0.9949754      187.2948516801
   -3   -9  -19   0.9951130      -22.0983106922
   -5   -8  -19   0.9951351      -62.0356014298
  -15   -5   -4   0.9951440      101.0130410504
  -10   -9  -13   0.9953293      -78.2893877045
  -14   -8    0   0.9953494      109.2611126889
  -15   -1   -8   0.9954353      142.9179828535
   -6  -11  -15   0.9955808        8.8450344262
   -3  -10  -18   0.9958019      -16.3133452206
  -11  -12    0   0.9958167      -96.0611583027
  -16    0   -1   0.9958949        0.0000078398
   -2  -14  -12   0.9959584      164.8602348675
   -7  -14   -7   0.9960147      -36.4822595423
   -2  -16   -5   0.9961494      -23.2012324878
    0  -12  -16   0.9961758      173.9777696991
   -2   -5  -22   0.9961950        6.7981304330
  -15   -3   -7   0.9962574      -32.6382842497
  -14   -8   -1   0.9962686        3.0789527413
   -5  -14  -10   0.9962909       11.3863265200
   -8  -12  -11   0.9963580       41.7082468113
   -4  -16    0   0.9964707      165.8833321098
  -11  -12   -1   0.9967355       25.3082152248
  -16   -1    0   0.9968014       42.7756949041
   -9  -13   -6   0.9968925      139.7980400279
  -13   -9   -5   0.9969471       41.7578746894
  -14   -2  -11   0.9969960      -17.9856610647
  -15   -4   -6   0.9970909      -65.8643160929
   -8   -2  -20   0.9971369       95.4813538322
  -10   -2  -18   0.9971819      171.4792884444
  -11   -4  -16   0.9973687      -10.4401804493
   -4  -16   -1   0.9973888      -58.7066635755
   -5   -5  -21   0.9974455      -65.5814104661
   -3  -16   -4   0.9975839       36.7398908124
  -16   -1   -1   0.9977192       62.5435163737
  -13   -3  -13   0.9978194       -3.1359357674
   -4  -14  -11   0.9981154       83.2053834019
   -1  -12  -16   0.9981148       33.0460809580
   -7    0  -21   0.9983897       14.4715313840
  -12  -11    0   0.9984700       60.9154534852
   -8  -11  -13   0.9984720      -41.0379997922
  -11    0  -17   0.9984797      -70.7506835342
    0  -16   -6   0.9984898       52.1682164118
  -14   -5   -9   0.9985764     -106.8238137007
  -12   -6  -13   0.9985820       56.0202604527
   -5   -2  -22   0.9986169      -23.7976034590
   -9   -5  -18   0.9986364      169.4610278168
  -16    0   -2   0.9986483      104.7815986843
   -4  -15   -8   0.9986812       50.1676459994
   -4  -12  -15   0.9987447       52.1199632591
  -11  -11   -7   0.9988487       -4.5435769842
  -14   -8   -2   0.9990209      104.1289005936
   -2   -2  -23   0.9992015      -75.0386220469
  -12   -7  -12   0.9993410      -75.6492994848
  -12  -11   -1   0.9993863      -85.5893362851
  -11  -12   -2   0.9994866       36.4501145774
  -14   -4  -10   0.9996013       94.1626476549
   -8   -5  -19   0.9996331       29.2578872924
  -12   -9   -9   0.9998698      -79.0340343452
   -3   -8  -20   0.9999069       38.4279391326
